data/fastcat/current/bon009.cnv
* Sea-Bird SBE 49 Data File:
* FileName = C:\Sea-Bird Data\2014\DY1408 Leg I\BONGO Casts\BON009.hex
* Software Version Seasave V 7.22.3
* Temperature SN = 0277
* Conductivity SN = 0277
* System UpLoad Time = Aug 21 2014 02:30:24
* Real-Time Sample Interval = 0.0625 seconds
* System UTC = Aug 21 2014 02:30:24
# nquan = 6
# nvalues = 81                          
# units = specified
# name 0 = prdM: Pressure, Strain Gauge [db]
# name 1 = t4990C: Temperature [ITS-90, deg C]
# name 2 = c0mS/cm: Conductivity [mS/cm]
# name 3 = sal00: Salinity, Practical [PSU]
# name 4 = sigma-t00: Density [sigma-t, kg/m^3 ]
# name 5 = flag: flag
# span 0 =      1.000,     41.000       
# span 1 =     6.7033,    14.2773       
# span 2 =  32.338048,  38.517564       
# span 3 =    30.2561,    32.0415       
# span 4 =    22.4732,    25.1274       
# span 5 = 0.0000e+00, 0.0000e+00       
# interval = decibars: 1                
# start_time = Aug 21 2014 02:30:24 [System UTC, header]
# bad_flag = -9.990e-29
*END*
      1.000    14.2620  36.978943    30.2561    22.4732 0.0000e+00
      2.000    14.1538  38.517563    31.7040    23.6099 0.0000e+00
      3.000    14.0536  38.451412    31.7247    23.6463 0.0000e+00
      4.000    13.9868  38.390530    31.7234    23.6590 0.0000e+00
      5.000    13.8007  38.221039    31.7204    23.6945 0.0000e+00
      6.000    13.6782  38.110550    31.7192    23.7183 0.0000e+00
      7.000    13.5892  38.032475    31.7202    23.7370 0.0000e+00
      8.000    13.5229  37.973122    31.7197    23.7498 0.0000e+00
      9.000    13.4675  37.925701    31.7212    23.7621 0.0000e+00
     10.000    13.4210  37.886158    31.7226    23.7724 0.0000e+00
     11.000    13.3989  37.869125    31.7248    23.7784 0.0000e+00
     12.000    13.3813  37.853924    31.7248    23.7820 0.0000e+00
     13.000    13.3615  37.836990    31.7252    23.7862 0.0000e+00
     14.000    13.1354  37.637234    31.7263    23.8314 0.0000e+00
     15.000    11.4094  36.131138    31.7455    24.1674 0.0000e+00
     16.000     8.6846  33.856537    31.8457    24.6944 0.0000e+00
     17.000     7.1704  32.661030    31.9569    24.9995 0.0000e+00
     18.000     6.8290  32.397751    31.9868    25.0683 0.0000e+00
     19.000     6.7500  32.347458    32.0050    25.0929 0.0000e+00
     20.000     6.7282  32.340240    32.0169    25.1051 0.0000e+00
     21.000     6.7225  32.343216    32.0250    25.1122 0.0000e+00
     22.000     6.7186  32.346272    32.0315    25.1178 0.0000e+00
     23.000     6.7125  32.344795    32.0352    25.1215 0.0000e+00
     24.000     6.7054  32.341827    32.0381    25.1247 0.0000e+00
     25.000     6.7049  32.343697    32.0401    25.1264 0.0000e+00
     26.000     6.7073  32.346870    32.0409    25.1267 0.0000e+00
     27.000     6.7066  32.347317    32.0415    25.1273 0.0000e+00
     28.000     6.7057  32.346771    32.0413    25.1273 0.0000e+00
     29.000     6.7042  32.345894    32.0413    25.1274 0.0000e+00
     30.000     6.7033  32.345409    32.0411    25.1274 0.0000e+00
     31.000     6.7069  32.348454    32.0407    25.1266 0.0000e+00
     32.000     6.7082  32.349731    32.0403    25.1261 0.0000e+00
     33.000     6.7082  32.349716    32.0399    25.1258 0.0000e+00
     34.000     6.7080  32.349434    32.0393    25.1253 0.0000e+00
     35.000     6.7077  32.349377    32.0390    25.1251 0.0000e+00
     36.000     6.7077  32.349144    32.0383    25.1246 0.0000e+00
     37.000     6.7070  32.348606    32.0379    25.1244 0.0000e+00
     38.000     6.7058  32.347446    32.0373    25.1240 0.0000e+00
     39.000     6.7041  32.345917    32.0367    25.1238 0.0000e+00
     40.000     6.7049  32.346844    32.0365    25.1235 0.0000e+00
     41.000     6.7105  32.351627    32.0361    25.1225 0.0000e+00
     40.000     6.7194  32.358120    32.0353    25.1207 0.0000e+00
     39.000     6.7106  32.349697    32.0348    25.1215 0.0000e+00
     38.000     6.7062  32.345341    32.0346    25.1219 0.0000e+00
     37.000     6.7168  32.354145    32.0348    25.1206 0.0000e+00
     36.000     6.7198  32.356155    32.0347    25.1202 0.0000e+00
     35.000     6.7191  32.354633    32.0341    25.1198 0.0000e+00
     34.000     6.7097  32.345665    32.0335    25.1206 0.0000e+00
     33.000     6.7123  32.347702    32.0338    25.1205 0.0000e+00
     32.000     6.7129  32.347549    32.0336    25.1202 0.0000e+00
     31.000     6.7103  32.344666    32.0333    25.1203 0.0000e+00
     30.000     6.7124  32.346256    32.0336    25.1203 0.0000e+00
     29.000     6.7116  32.344803    32.0332    25.1201 0.0000e+00
     28.000     6.7092  32.341991    32.0328    25.1201 0.0000e+00
     27.000     6.7094  32.341446    32.0325    25.1198 0.0000e+00
     26.000     6.7083  32.339954    32.0324    25.1199 0.0000e+00
     25.000     6.7083  32.339413    32.0322    25.1197 0.0000e+00
     24.000     6.7084  32.338985    32.0322    25.1197 0.0000e+00
     23.000     6.7078  32.338047    32.0322    25.1198 0.0000e+00
     22.000     6.7109  32.339977    32.0318    25.1191 0.0000e+00
     21.000     6.7135  32.341564    32.0317    25.1186 0.0000e+00
     20.000     6.7173  32.344124    32.0313    25.1179 0.0000e+00
     19.000     6.7215  32.347084    32.0311    25.1171 0.0000e+00
     18.000     6.7294  32.353100    32.0308    25.1159 0.0000e+00
     17.000     6.7446  32.365036    32.0302    25.1134 0.0000e+00
     16.000     6.8008  32.411560    32.0291    25.1053 0.0000e+00
     15.000     7.8068  33.259102    32.0119    24.9511 0.0000e+00
     14.000    11.9840  36.719894    31.8248    24.1228 0.0000e+00
     13.000    13.3298  37.823162    31.7388    23.8033 0.0000e+00
     12.000    13.3620  37.834827    31.7231    23.7845 0.0000e+00
     11.000    13.3805  37.845695    31.7183    23.7771 0.0000e+00
     10.000    13.3988  37.860077    31.7168    23.7723 0.0000e+00
      9.000    13.4217  37.880112    31.7169    23.7678 0.0000e+00
      8.000    13.4677  37.921532    31.7175    23.7592 0.0000e+00
      7.000    13.5180  37.967648    31.7190    23.7503 0.0000e+00
      6.000    13.5952  38.038403    31.7211    23.7365 0.0000e+00
      5.000    13.7085  38.141838    31.7235    23.7155 0.0000e+00
      4.000    13.8097  38.233784    31.7251    23.6963 0.0000e+00
      3.000    13.9318  38.343300    31.7257    23.6720 0.0000e+00
      2.000    14.1052  38.500259    31.7274    23.6379 0.0000e+00
      1.000    14.2773  38.100899    31.2364    23.2245 0.0000e+00
