data/fastcat/current/bon004.cnv
* Sea-Bird SBE 49 Data File:
* FileName = C:\Sea-Bird Data\2014\DY1408 Leg I\BONGO Casts\BON004.hex
* Software Version Seasave V 7.22.3
* Temperature SN = 0277
* Conductivity SN = 0277
* System UpLoad Time = Aug 19 2014 15:03:51
* Real-Time Sample Interval = 0.0625 seconds
* System UTC = Aug 19 2014 15:03:51
# nquan = 6
# nvalues = 125                         
# units = specified
# name 0 = prdM: Pressure, Strain Gauge [db]
# name 1 = t4990C: Temperature [ITS-90, deg C]
# name 2 = c0mS/cm: Conductivity [mS/cm]
# name 3 = sal00: Salinity, Practical [PSU]
# name 4 = sigma-t00: Density [sigma-t, kg/m^3 ]
# name 5 = flag: flag
# span 0 =      1.000,     63.000       
# span 1 =     4.8385,    13.9425       
# span 2 =   2.486137,  40.241767       
# span 3 =     1.6664,    33.3132       
# span 4 =     0.6069,    25.1931       
# span 5 = 0.0000e+00, 0.0000e+00       
# interval = decibars: 1                
# start_time = Aug 19 2014 15:03:51 [System UTC, header]
# bad_flag = -9.990e-29
*END*
      1.000    13.4661   2.486137     1.6664     0.6069 0.0000e+00
      2.000    13.9425  40.241768    33.3132    24.8927 0.0000e+00
      3.000    13.9173  38.204914    31.6102    23.5858 0.0000e+00
      4.000    13.9202  38.206543    31.6089    23.5842 0.0000e+00
      5.000    13.9157  38.202843    31.6088    23.5850 0.0000e+00
      6.000    13.9171  38.204445    31.6088    23.5847 0.0000e+00
      7.000    13.9204  38.207844    31.6088    23.5841 0.0000e+00
      8.000    13.9186  38.206833    31.6090    23.5846 0.0000e+00
      9.000    13.9118  38.201164    31.6089    23.5859 0.0000e+00
     10.000    13.8887  38.180378    31.6084    23.5902 0.0000e+00
     11.000    13.7814  38.084023    31.6075    23.6112 0.0000e+00
     12.000    13.7514  38.059235    31.6089    23.6184 0.0000e+00
     13.000    13.7418  38.050518    31.6084    23.6199 0.0000e+00
     14.000    13.7290  38.040207    31.6091    23.6230 0.0000e+00
     15.000    13.7070  38.022133    31.6101    23.6282 0.0000e+00
     16.000    12.8725  37.260921    31.5899    23.7751 0.0000e+00
     17.000    10.1909  34.905636    31.5840    24.2502 0.0000e+00
     18.000     6.9907  32.260448    31.6842    24.8038 0.0000e+00
     19.000     5.0822  30.723253    31.7599    25.0987 0.0000e+00
     20.000     4.9134  30.602833    31.7823    25.1344 0.0000e+00
     21.000     4.8807  30.593893    31.8028    25.1541 0.0000e+00
     22.000     4.8692  30.597694    31.8176    25.1671 0.0000e+00
     23.000     4.8614  30.601339    31.8288    25.1768 0.0000e+00
     24.000     4.8626  30.608097    31.8349    25.1815 0.0000e+00
     25.000     4.8554  30.609074    31.8425    25.1883 0.0000e+00
     26.000     4.8457  30.603546    31.8449    25.1912 0.0000e+00
     27.000     4.8436  30.603508    31.8463    25.1926 0.0000e+00
     28.000     4.8423  30.603224    31.8468    25.1931 0.0000e+00
     29.000     4.8415  30.602888    31.8467    25.1931 0.0000e+00
     30.000     4.8412  30.602892    31.8465    25.1930 0.0000e+00
     31.000     4.8408  30.602627    31.8460    25.1926 0.0000e+00
     32.000     4.8403  30.602177    31.8456    25.1923 0.0000e+00
     33.000     4.8398  30.601492    31.8447    25.1917 0.0000e+00
     34.000     4.8385  30.600109    31.8439    25.1912 0.0000e+00
     35.000     4.8397  30.601475    31.8438    25.1910 0.0000e+00
     36.000     4.8935  30.603933    31.7947    25.1463 0.0000e+00
     37.000     4.9201  30.604328    31.7691    25.1232 0.0000e+00
     38.000     4.9169  30.604549    31.7720    25.1259 0.0000e+00
     39.000     4.8981  30.603752    31.7886    25.1410 0.0000e+00
     40.000     4.9027  30.603716    31.7836    25.1366 0.0000e+00
     41.000     4.8850  30.602940    31.7991    25.1508 0.0000e+00
     42.000     4.8848  30.603441    31.7994    25.1510 0.0000e+00
     43.000     4.8898  30.604321    31.7952    25.1471 0.0000e+00
     44.000     4.8873  30.604067    31.7968    25.1486 0.0000e+00
     45.000     4.9018  30.603407    31.7816    25.1351 0.0000e+00
     46.000     4.9002  30.602831    31.7820    25.1356 0.0000e+00
     47.000     4.8959  30.603338    31.7862    25.1393 0.0000e+00
     48.000     4.9077  30.603621    31.7747    25.1290 0.0000e+00
     49.000     4.9153  30.604740    31.7683    25.1231 0.0000e+00
     50.000     4.9299  30.606119    31.7554    25.1113 0.0000e+00
     51.000     4.9306  30.605940    31.7541    25.1102 0.0000e+00
     52.000     4.9311  30.606598    31.7539    25.1100 0.0000e+00
     53.000     4.9308  30.606750    31.7538    25.1100 0.0000e+00
     54.000     4.9306  30.607273    31.7542    25.1103 0.0000e+00
     55.000     4.9293  30.606693    31.7542    25.1104 0.0000e+00
     56.000     4.9296  30.607050    31.7539    25.1101 0.0000e+00
     57.000     4.9299  30.607325    31.7534    25.1097 0.0000e+00
     58.000     4.9306  30.608042    31.7531    25.1094 0.0000e+00
     59.000     4.9288  30.606209    31.7521    25.1088 0.0000e+00
     60.000     4.9285  30.605986    31.7517    25.1085 0.0000e+00
     61.000     4.9286  30.606518    31.7518    25.1086 0.0000e+00
     62.000     4.9286  30.606768    31.7516    25.1084 0.0000e+00
     63.000     4.9288  30.607456    31.7516    25.1084 0.0000e+00
     62.000     4.9294  30.607555    31.7517    25.1084 0.0000e+00
     61.000     4.9294  30.607195    31.7517    25.1084 0.0000e+00
     60.000     4.9291  30.606342    31.7516    25.1084 0.0000e+00
     59.000     4.9296  30.606718    31.7520    25.1086 0.0000e+00
     58.000     4.9297  30.606586    31.7522    25.1088 0.0000e+00
     57.000     4.9299  30.606432    31.7524    25.1089 0.0000e+00
     56.000     4.9304  30.606703    31.7527    25.1091 0.0000e+00
     55.000     4.9302  30.606083    31.7526    25.1091 0.0000e+00
     54.000     4.9293  30.604311    31.7520    25.1087 0.0000e+00
     53.000     4.9293  30.603830    31.7519    25.1086 0.0000e+00
     52.000     4.9296  30.603985    31.7523    25.1089 0.0000e+00
     51.000     4.9300  30.603966    31.7524    25.1089 0.0000e+00
     50.000     4.9302  30.603941    31.7526    25.1091 0.0000e+00
     49.000     4.9308  30.603975    31.7526    25.1090 0.0000e+00
     48.000     4.9310  30.603792    31.7527    25.1091 0.0000e+00
     47.000     4.9313  30.603340    31.7524    25.1088 0.0000e+00
     46.000     4.9317  30.602774    31.7519    25.1083 0.0000e+00
     45.000     4.9315  30.602592    31.7523    25.1087 0.0000e+00
     44.000     4.9313  30.601978    31.7523    25.1087 0.0000e+00
     43.000     4.9310  30.600546    31.7515    25.1081 0.0000e+00
     42.000     4.9317  30.601177    31.7520    25.1084 0.0000e+00
     41.000     4.9321  30.601425    31.7524    25.1087 0.0000e+00
     40.000     4.9330  30.601030    31.7516    25.1080 0.0000e+00
     39.000     4.9328  30.599499    31.7505    25.1071 0.0000e+00
     38.000     4.9333  30.599421    31.7504    25.1070 0.0000e+00
     37.000     4.9335  30.599487    31.7508    25.1073 0.0000e+00
     36.000     4.9325  30.597752    31.7503    25.1070 0.0000e+00
     35.000     4.9324  30.597151    31.7502    25.1069 0.0000e+00
     34.000     4.9328  30.597134    31.7503    25.1069 0.0000e+00
     33.000     4.9342  30.597717    31.7500    25.1066 0.0000e+00
     32.000     4.9355  30.598179    31.7499    25.1064 0.0000e+00
     31.000     4.9389  30.600796    31.7501    25.1061 0.0000e+00
     30.000     4.9410  30.602552    31.7507    25.1064 0.0000e+00
     29.000     4.9410  30.602079    31.7506    25.1063 0.0000e+00
     28.000     4.9413  30.601879    31.7506    25.1063 0.0000e+00
     27.000     4.9380  30.598661    31.7505    25.1066 0.0000e+00
     26.000     4.9416  30.601414    31.7508    25.1064 0.0000e+00
     25.000     4.9440  30.603491    31.7513    25.1066 0.0000e+00
     24.000     4.9456  30.605099    31.7521    25.1070 0.0000e+00
     23.000     4.8952  30.606031    31.8018    25.1518 0.0000e+00
     22.000     4.8874  30.609350    31.8136    25.1620 0.0000e+00
     21.000     4.8747  30.614016    31.8316    25.1776 0.0000e+00
     20.000     4.9078  30.644329    31.8352    25.1769 0.0000e+00
     19.000     5.1094  30.810202    31.8330    25.1532 0.0000e+00
     18.000     6.8268  32.240925    31.8157    24.9312 0.0000e+00
     17.000     9.9962  34.880741    31.7296    24.3959 0.0000e+00
     16.000    12.7703  37.255901    31.6707    23.8566 0.0000e+00
     15.000    13.6643  38.016426    31.6400    23.6597 0.0000e+00
     14.000    13.7540  38.080059    31.6252    23.6305 0.0000e+00
     13.000    13.7699  38.085072    31.6172    23.6211 0.0000e+00
     12.000    13.7727  38.082500    31.6129    23.6172 0.0000e+00
     11.000    13.8005  38.101467    31.6079    23.6077 0.0000e+00
     10.000    13.8849  38.174984    31.6065    23.5895 0.0000e+00
      9.000    13.9213  38.208263    31.6076    23.5830 0.0000e+00
      8.000    13.9343  38.219574    31.6078    23.5805 0.0000e+00
      7.000    13.9330  38.218563    31.6083    23.5811 0.0000e+00
      6.000    13.9327  38.218025    31.6084    23.5813 0.0000e+00
      5.000    13.9325  38.217857    31.6088    23.5816 0.0000e+00
      4.000    13.9324  38.217869    31.6093    23.5820 0.0000e+00
      3.000    13.9258  38.212074    31.6098    23.5837 0.0000e+00
      2.000    13.9267  38.212631    31.6100    23.5837 0.0000e+00
      1.000    13.9284  37.333340    30.8180    22.9732 0.0000e+00
