data/fastcat/current/bon008.cnv
* Sea-Bird SBE 49 Data File:
* FileName = C:\Sea-Bird Data\2014\DY1408 Leg I\BONGO Casts\BON008.hex
* Software Version Seasave V 7.22.3
* Temperature SN = 0277
* Conductivity SN = 0277
* System UpLoad Time = Aug 20 2014 21:58:54
* Real-Time Sample Interval = 0.0625 seconds
* System UTC = Aug 20 2014 21:58:54
# nquan = 6
# nvalues = 105                         
# units = specified
# name 0 = prdM: Pressure, Strain Gauge [db]
# name 1 = t4990C: Temperature [ITS-90, deg C]
# name 2 = c0mS/cm: Conductivity [mS/cm]
# name 3 = sal00: Salinity, Practical [PSU]
# name 4 = sigma-t00: Density [sigma-t, kg/m^3 ]
# name 5 = flag: flag
# span 0 =      1.000,     53.000       
# span 1 =     5.0991,    15.6267       
# span 2 =  30.933417,  48.107847       
# span 3 =    30.4780,    43.8487       
# span 4 =    22.6239,    33.6501       
# span 5 = 0.0000e+00, 0.0000e+00       
# interval = decibars: 1                
# start_time = Aug 20 2014 21:58:54 [System UTC, header]
# bad_flag = -9.990e-29
*END*
      1.000    15.6267  48.107845    43.8487    33.6501 0.0000e+00
      2.000    14.0193  37.405972    30.4780    22.6239 0.0000e+00
      3.000    14.0574  38.602524    31.8604    23.7503 0.0000e+00
      4.000    13.9737  38.540249    31.8720    23.7764 0.0000e+00
      5.000    13.9106  38.488567    31.8764    23.7926 0.0000e+00
      6.000    13.8690  38.455765    31.8802    23.8041 0.0000e+00
      7.000    13.8461  38.437927    31.8824    23.8104 0.0000e+00
      8.000    13.8262  38.422440    31.8842    23.8158 0.0000e+00
      9.000    13.8152  38.414078    31.8852    23.8189 0.0000e+00
     10.000    13.8071  38.407818    31.8858    23.8209 0.0000e+00
     11.000    13.7915  38.393330    31.8849    23.8234 0.0000e+00
     12.000    13.6630  38.269802    31.8771    23.8433 0.0000e+00
     13.000    13.4812  38.109512    31.8794    23.8815 0.0000e+00
     14.000    12.2503  36.948277    31.8076    24.0503 0.0000e+00
     15.000     6.4235  31.964603    31.8874    25.0368 0.0000e+00
     16.000     5.2629  31.019852    31.9272    25.2109 0.0000e+00
     17.000     5.1396  30.933416    31.9461    25.2395 0.0000e+00
     18.000     5.1229  30.934837    31.9631    25.2549 0.0000e+00
     19.000     5.1192  30.943224    31.9758    25.2653 0.0000e+00
     20.000     5.1121  30.948477    31.9881    25.2758 0.0000e+00
     21.000     5.1105  30.953764    31.9952    25.2816 0.0000e+00
     22.000     5.1100  30.958149    32.0002    25.2856 0.0000e+00
     23.000     5.1091  30.961281    32.0042    25.2889 0.0000e+00
     24.000     5.1118  30.966454    32.0070    25.2908 0.0000e+00
     25.000     5.1192  30.974197    32.0082    25.2909 0.0000e+00
     26.000     5.1142  30.970718    32.0085    25.2917 0.0000e+00
     27.000     5.1068  30.965542    32.0093    25.2931 0.0000e+00
     28.000     5.1058  30.964825    32.0089    25.2930 0.0000e+00
     29.000     5.1038  30.963326    32.0086    25.2930 0.0000e+00
     30.000     5.1040  30.963415    32.0080    25.2924 0.0000e+00
     31.000     5.1038  30.963408    32.0077    25.2922 0.0000e+00
     32.000     5.1040  30.963421    32.0070    25.2917 0.0000e+00
     33.000     5.1053  30.963968    32.0059    25.2906 0.0000e+00
     34.000     5.1062  30.964531    32.0052    25.2900 0.0000e+00
     35.000     5.1071  30.965223    32.0047    25.2895 0.0000e+00
     36.000     5.1071  30.964895    32.0038    25.2888 0.0000e+00
     37.000     5.1038  30.961792    32.0029    25.2884 0.0000e+00
     38.000     5.1037  30.961699    32.0023    25.2880 0.0000e+00
     39.000     5.1030  30.960970    32.0017    25.2875 0.0000e+00
     40.000     5.1032  30.961046    32.0012    25.2871 0.0000e+00
     41.000     5.1035  30.961185    32.0005    25.2866 0.0000e+00
     42.000     5.1028  30.960505    31.9999    25.2862 0.0000e+00
     43.000     5.1026  30.960480    31.9995    25.2859 0.0000e+00
     44.000     5.1017  30.959583    31.9989    25.2855 0.0000e+00
     45.000     5.1016  30.959631    31.9985    25.2852 0.0000e+00
     46.000     5.1018  30.959696    31.9979    25.2847 0.0000e+00
     47.000     5.1023  30.960213    31.9976    25.2844 0.0000e+00
     48.000     5.1038  30.961737    31.9974    25.2841 0.0000e+00
     49.000     5.1047  30.962637    31.9970    25.2837 0.0000e+00
     50.000     5.1060  30.963934    31.9968    25.2834 0.0000e+00
     51.000     5.1048  30.963030    31.9964    25.2832 0.0000e+00
     52.000     5.1032  30.961843    31.9961    25.2831 0.0000e+00
     53.000     5.0997  30.958609    31.9952    25.2828 0.0000e+00
     52.000     5.1010  30.958784    31.9947    25.2823 0.0000e+00
     51.000     5.1037  30.960442    31.9945    25.2818 0.0000e+00
     50.000     5.1043  30.960377    31.9944    25.2816 0.0000e+00
     49.000     5.1039  30.959343    31.9940    25.2814 0.0000e+00
     48.000     5.1029  30.957966    31.9939    25.2814 0.0000e+00
     47.000     5.1023  30.956959    31.9939    25.2815 0.0000e+00
     46.000     5.1023  30.956375    31.9936    25.2813 0.0000e+00
     45.000     5.1021  30.955706    31.9936    25.2813 0.0000e+00
     44.000     5.1033  30.956007    31.9933    25.2809 0.0000e+00
     43.000     5.1030  30.955412    31.9934    25.2810 0.0000e+00
     42.000     5.1072  30.958429    31.9933    25.2805 0.0000e+00
     41.000     5.1064  30.957155    31.9931    25.2804 0.0000e+00
     40.000     5.1054  30.955742    31.9930    25.2804 0.0000e+00
     39.000     5.1076  30.957380    31.9932    25.2804 0.0000e+00
     38.000     5.1041  30.953804    31.9929    25.2805 0.0000e+00
     37.000     5.1023  30.951851    31.9930    25.2808 0.0000e+00
     36.000     5.1020  30.951109    31.9929    25.2807 0.0000e+00
     35.000     5.1027  30.951332    31.9930    25.2807 0.0000e+00
     34.000     5.0991  30.947660    31.9927    25.2809 0.0000e+00
     33.000     5.1169  30.962664    31.9933    25.2794 0.0000e+00
     32.000     5.1260  30.969658    31.9931    25.2782 0.0000e+00
     31.000     5.1253  30.968557    31.9930    25.2782 0.0000e+00
     30.000     5.1251  30.967752    31.9927    25.2780 0.0000e+00
     29.000     5.1207  30.963778    31.9929    25.2787 0.0000e+00
     28.000     5.1201  30.962919    31.9929    25.2788 0.0000e+00
     27.000     5.1288  30.969711    31.9929    25.2777 0.0000e+00
     26.000     5.1182  30.960323    31.9928    25.2788 0.0000e+00
     25.000     5.1366  30.975969    31.9935    25.2774 0.0000e+00
     24.000     5.1565  30.991552    31.9928    25.2746 0.0000e+00
     23.000     5.1519  30.987232    31.9928    25.2751 0.0000e+00
     22.000     5.1495  30.984652    31.9926    25.2752 0.0000e+00
     21.000     5.1530  30.987417    31.9929    25.2751 0.0000e+00
     20.000     5.1393  30.975561    31.9930    25.2767 0.0000e+00
     19.000     5.1609  30.993757    31.9936    25.2748 0.0000e+00
     18.000     5.1974  31.024263    31.9939    25.2709 0.0000e+00
     17.000     5.3130  31.127253    32.0011    25.2636 0.0000e+00
     16.000     9.2066  34.492981    32.0247    24.7376 0.0000e+00
     15.000    13.1820  37.910011    31.9408    23.9848 0.0000e+00
     14.000    13.4535  38.113632    31.9060    23.9076 0.0000e+00
     13.000    13.5490  38.178410    31.8869    23.8738 0.0000e+00
     12.000    13.7516  38.351204    31.8788    23.8268 0.0000e+00
     11.000    13.7973  38.386047    31.8734    23.8134 0.0000e+00
     10.000    13.8080  38.392052    31.8705    23.8089 0.0000e+00
      9.000    13.8196  38.401676    31.8701    23.8063 0.0000e+00
      8.000    13.8347  38.415909    31.8711    23.8040 0.0000e+00
      7.000    13.8586  38.438354    31.8724    23.8001 0.0000e+00
      6.000    13.8920  38.469494    31.8738    23.7944 0.0000e+00
      5.000    13.9417  38.514645    31.8746    23.7849 0.0000e+00
      4.000    14.0104  38.577393    31.8758    23.7718 0.0000e+00
      3.000    14.0996  38.658699    31.8771    23.7545 0.0000e+00
      2.000    14.1544  38.707882    31.8773    23.7434 0.0000e+00
      1.000    14.1886  38.721218    31.8617    23.7243 0.0000e+00
