data/fastcat/current/bon005.cnv
* Sea-Bird SBE 49 Data File:
* FileName = C:\Sea-Bird Data\2014\DY1408 Leg I\BONGO Casts\BON005.hex
* Software Version Seasave V 7.22.3
* Temperature SN = 0277
* Conductivity SN = 0277
* System UpLoad Time = Aug 19 2014 22:36:05
* Real-Time Sample Interval = 0.0625 seconds
* System UTC = Aug 19 2014 22:36:05
# nquan = 6
# nvalues = 103                         
# units = specified
# name 0 = prdM: Pressure, Strain Gauge [db]
# name 1 = t4990C: Temperature [ITS-90, deg C]
# name 2 = c0mS/cm: Conductivity [mS/cm]
# name 3 = sal00: Salinity, Practical [PSU]
# name 4 = sigma-t00: Density [sigma-t, kg/m^3 ]
# name 5 = flag: flag
# span 0 =      1.000,     52.000       
# span 1 =     5.8572,    13.6491       
# span 2 =  -3.423480,  39.019241       
# span 3 =    -2.8759,    32.5186       
# span 4 =    -2.9114,    25.1767       
# span 5 = 0.0000e+00, 0.0000e+00       
# interval = decibars: 1                
# start_time = Aug 19 2014 22:36:05 [System UTC, header]
# bad_flag = -9.990e-29
*END*
      1.000    13.5853  -3.423480    -2.8759    -2.9114 0.0000e+00
      2.000    13.6384  27.158375    22.3899    16.5424 0.0000e+00
      3.000    13.6491  39.019241    32.5186    24.3397 0.0000e+00
      4.000    13.6434  38.067627    31.7090    23.7174 0.0000e+00
      5.000    13.6319  38.056423    31.7078    23.7188 0.0000e+00
      6.000    13.6070  38.033817    31.7071    23.7232 0.0000e+00
      7.000    13.5610  37.991543    31.7055    23.7313 0.0000e+00
      8.000    13.4453  37.887203    31.7042    23.7533 0.0000e+00
      9.000    13.3734  37.822132    31.7029    23.7666 0.0000e+00
     10.000    13.2439  37.702843    31.6990    23.7891 0.0000e+00
     11.000    12.4675  37.021561    31.7054    23.9419 0.0000e+00
     12.000    10.4941  35.301186    31.7176    24.3040 0.0000e+00
     13.000     7.4568  32.785465    31.8300    24.8625 0.0000e+00
     14.000     6.9300  32.345814    31.8379    24.9375 0.0000e+00
     15.000     6.2337  31.788731    31.8736    25.0545 0.0000e+00
     16.000     6.1322  31.718519    31.8904    25.0801 0.0000e+00
     17.000     6.1141  31.713131    31.9009    25.0907 0.0000e+00
     18.000     6.1072  31.716341    31.9105    25.0990 0.0000e+00
     19.000     6.0893  31.706646    31.9161    25.1056 0.0000e+00
     20.000     6.0748  31.698492    31.9201    25.1106 0.0000e+00
     21.000     6.0457  31.676804    31.9229    25.1163 0.0000e+00
     22.000     6.0160  31.655334    31.9264    25.1227 0.0000e+00
     23.000     6.0146  31.655537    31.9275    25.1237 0.0000e+00
     24.000     6.0077  31.650719    31.9282    25.1251 0.0000e+00
     25.000     6.0047  31.649000    31.9285    25.1257 0.0000e+00
     26.000     5.9752  31.625366    31.9295    25.1300 0.0000e+00
     27.000     5.9718  31.622988    31.9296    25.1305 0.0000e+00
     28.000     5.9875  31.636021    31.9289    25.1281 0.0000e+00
     29.000     5.9757  31.626110    31.9284    25.1291 0.0000e+00
     30.000     5.9596  31.612848    31.9283    25.1310 0.0000e+00
     31.000     5.9563  31.609394    31.9271    25.1304 0.0000e+00
     32.000     5.9195  31.579016    31.9273    25.1350 0.0000e+00
     33.000     5.9083  31.569790    31.9271    25.1362 0.0000e+00
     34.000     5.9129  31.573938    31.9269    25.1355 0.0000e+00
     35.000     5.9147  31.575314    31.9263    25.1348 0.0000e+00
     36.000     5.9156  31.576141    31.9259    25.1343 0.0000e+00
     37.000     5.9066  31.568521    31.9254    25.1350 0.0000e+00
     38.000     5.9110  31.572485    31.9252    25.1343 0.0000e+00
     39.000     5.9124  31.573612    31.9246    25.1337 0.0000e+00
     40.000     5.9079  31.569944    31.9243    25.1340 0.0000e+00
     41.000     5.9125  31.573961    31.9239    25.1331 0.0000e+00
     42.000     5.9133  31.573988    31.9227    25.1321 0.0000e+00
     43.000     5.9129  31.572678    31.9211    25.1309 0.0000e+00
     44.000     5.9159  31.575392    31.9209    25.1304 0.0000e+00
     45.000     5.9166  31.577085    31.9216    25.1308 0.0000e+00
     46.000     5.9161  31.576885    31.9214    25.1307 0.0000e+00
     47.000     5.9099  31.571486    31.9207    25.1309 0.0000e+00
     48.000     5.9088  31.570808    31.9206    25.1309 0.0000e+00
     49.000     5.9084  31.570984    31.9206    25.1310 0.0000e+00
     50.000     5.9079  31.570742    31.9204    25.1309 0.0000e+00
     51.000     5.9530  31.570263    31.8771    25.0913 0.0000e+00
     52.000     5.8572  31.574211    31.9706    25.1767 0.0000e+00
     51.000     7.0298  31.596712    30.9360    24.2117 0.0000e+00
     50.000     8.0186  31.595005    30.0457    23.3834 0.0000e+00
     49.000     7.9744  31.584812    30.0751    23.4123 0.0000e+00
     48.000     7.9744  31.580381    30.0709    23.4090 0.0000e+00
     47.000     7.9744  31.577761    30.0685    23.4071 0.0000e+00
     46.000     7.9745  31.577423    30.0686    23.4071 0.0000e+00
     45.000     7.9744  31.577978    30.0696    23.4080 0.0000e+00
     44.000     7.9745  31.580492    30.0727    23.4104 0.0000e+00
     43.000     7.9745  31.580994    30.0736    23.4111 0.0000e+00
     42.000     7.9744  31.579435    30.0724    23.4102 0.0000e+00
     41.000     7.9744  31.577473    30.0708    23.4089 0.0000e+00
     40.000     7.9745  31.579069    30.0729    23.4105 0.0000e+00
     39.000     7.9745  31.578562    30.0728    23.4104 0.0000e+00
     38.000     7.9745  31.577465    30.0721    23.4099 0.0000e+00
     37.000     7.9744  31.580585    30.0758    23.4128 0.0000e+00
     36.000     7.9743  31.578838    30.0746    23.4119 0.0000e+00
     35.000     7.9743  31.571066    30.0668    23.4058 0.0000e+00
     34.000     7.9624  31.575670    30.0823    23.4196 0.0000e+00
     33.000     7.9669  31.576233    30.0794    23.4167 0.0000e+00
     32.000     7.9669  31.572865    30.0763    23.4143 0.0000e+00
     31.000     7.9779  31.573776    30.0683    23.4064 0.0000e+00
     30.000     7.9594  31.578678    30.0898    23.4259 0.0000e+00
     29.000     7.9442  31.607107    30.1334    23.4621 0.0000e+00
     28.000     7.8904  31.617701    30.1915    23.5151 0.0000e+00
     27.000     7.9676  31.601496    30.1081    23.4391 0.0000e+00
     26.000     6.6154  31.592981    31.3139    24.5632 0.0000e+00
     25.000     6.0379  31.594736    31.8374    25.0496 0.0000e+00
     24.000     5.9664  31.583258    31.8917    25.1012 0.0000e+00
     23.000     6.0228  31.624920    31.8856    25.0897 0.0000e+00
     22.000     6.0126  31.627024    31.8980    25.1007 0.0000e+00
     21.000     6.0333  31.643644    31.8976    25.0978 0.0000e+00
     20.000     6.0766  31.632582    31.8459    25.0516 0.0000e+00
     19.000     6.0737  31.669733    31.8896    25.0867 0.0000e+00
     18.000     6.3656  31.713116    31.6698    24.8767 0.0000e+00
     17.000     6.3749  31.715927    31.6629    24.8704 0.0000e+00
     16.000     6.3411  31.898998    31.8948    25.0577 0.0000e+00
     15.000     6.2739  31.853403    31.9077    25.0764 0.0000e+00
     14.000     6.5049  32.054600    31.9142    25.0525 0.0000e+00
     13.000     7.2527  32.674591    31.8972    24.9416 0.0000e+00
     12.000     9.3670  34.492371    31.8847    24.6053 0.0000e+00
     11.000    12.9891  37.542091    31.7605    23.8859 0.0000e+00
     10.000    13.2622  37.743546    31.7218    23.8032 0.0000e+00
      9.000    13.3822  37.836781    31.7093    23.7698 0.0000e+00
      8.000    13.4784  37.916584    31.7040    23.7466 0.0000e+00
      7.000    13.5330  37.961613    31.7010    23.7334 0.0000e+00
      6.000    13.5550  37.978909    31.6992    23.7276 0.0000e+00
      5.000    13.5906  38.010853    31.6998    23.7209 0.0000e+00
      4.000    13.6185  38.035934    31.7003    23.7157 0.0000e+00
      3.000    13.6158  38.032860    31.7000    23.7160 0.0000e+00
      2.000    13.5959  38.014866    31.7002    23.7202 0.0000e+00
      1.000    13.6023  37.995773    31.6776    23.7014 0.0000e+00
