data/seacat/current/bon049.cnv
* Sea-Bird SBE 19plus Data File:
* FileName = C:\Sea-Bird Data\2014\DY1405\Casts\BON049.hex
* Software Version Seasave V 7.22.3
* Temperature SN = 4530
* Conductivity SN = 4530
* System UpLoad Time = May 16 2014 14:21:37
* Real-Time Sample Interval = 0.2500 seconds
* System UTC = May 16 2014 14:21:37
# nquan = 7                                 
# nvalues = 545                         
# units = specified
# name 0 = timeS: Time, Elapsed [seconds]
# name 1 = prdM: Pressure, Strain Gauge [db]
# name 2 = tv290C: Temperature [ITS-90, deg C]
# name 3 = c0mS/cm: Conductivity [mS/cm]
# name 4 = sal00: Salinity, Practical [PSU]
# name 5 = sigma-t00: Density [sigma-t, Kg/m^3 ]
# name 6 = flag: flag
# span 0 =    563.035,   2261.844       
# span 1 =      1.000,    273.000       
# span 2 =     3.4808,     6.0300       
# span 3 =  28.065584,  31.978668       
# span 4 =    28.1703,    33.2828       
# span 5 =    22.1865,    26.4426       
# span 6 = 0.0000e+00, 0.0000e+00       
# interval = decibars: 1                
# start_time = May 16 2014 14:21:37 [System UTC, header]
# bad_flag = -9.990e-29
*END*
[from data line 206]
    993.997    207.000     3.7782  30.847867    33.0901    26.2888 0.0000e+00
    995.926    208.000     3.7716  30.843377    33.0909    26.2901 0.0000e+00
    997.870    209.000     3.7728  30.848107    33.0948    26.2931 0.0000e+00
   1000.015    210.000     3.7660  30.845409    33.0979    26.2963 0.0000e+00
   1001.744    211.000     3.7556  30.840473    33.1021    26.3006 0.0000e+00
   1003.542    212.000     3.7488  30.837747    33.1052    26.3037 0.0000e+00
   1005.651    213.000     3.7426  30.835533    33.1084    26.3068 0.0000e+00
   1007.478    214.000     3.7380  30.833303    33.1098    26.3084 0.0000e+00
   1009.630    215.000     3.7337  30.831040    33.1110    26.3098 0.0000e+00
   1011.611    216.000     3.7276  30.827211    33.1121    26.3112 0.0000e+00
   1013.560    217.000     3.7131  30.817470    33.1147    26.3147 0.0000e+00
   1015.543    218.000     3.6784  30.789970    33.1166    26.3196 0.0000e+00
   1017.628    219.000     3.6555  30.772337    33.1184    26.3231 0.0000e+00
   1019.750    220.000     3.6427  30.762401    33.1190    26.3249 0.0000e+00
   1021.734    221.000     3.6377  30.759384    33.1199    26.3261 0.0000e+00
   1023.747    222.000     3.6284  30.752544    33.1207    26.3276 0.0000e+00
   1025.811    223.000     3.6091  30.738057    33.1225    26.3309 0.0000e+00
   1027.769    224.000     3.5944  30.729466    33.1267    26.3356 0.0000e+00
   1029.959    225.000     3.5796  30.718811    33.1285    26.3384 0.0000e+00
   1032.147    226.000     3.5618  30.705755    33.1305    26.3417 0.0000e+00
   1034.117    227.000     3.5328  30.683045    33.1323    26.3459 0.0000e+00
   1036.168    228.000     3.5185  30.674099    33.1356    26.3499 0.0000e+00
   1038.275    229.000     3.5091  30.669117    33.1387    26.3532 0.0000e+00
   1040.299    230.000     3.5022  30.665412    33.1408    26.3555 0.0000e+00
   1042.334    231.000     3.4929  30.659861    33.1431    26.3582 0.0000e+00
   1044.330    232.000     3.4838  30.654489    33.1454    26.3609 0.0000e+00
   1046.327    233.000     3.4812  30.654414    33.1475    26.3628 0.0000e+00
   1048.317    234.000     3.4808  30.654879    33.1479    26.3632 0.0000e+00
   1050.416    235.000     3.4860  30.664694    33.1538    26.3674 0.0000e+00
   1052.650    236.000     3.4916  30.673847    33.1585    26.3707 0.0000e+00
   1054.718    237.000     3.4851  30.668699    33.1585    26.3712 0.0000e+00
   1056.710    238.000     3.4866  30.672255    33.1607    26.3728 0.0000e+00
   1058.658    239.000     3.5028  30.689556    33.1643    26.3742 0.0000e+00
   1060.918    240.000     3.5180  30.704631    33.1664    26.3744 0.0000e+00
   1063.295    241.000     3.5472  30.734476    33.1718    26.3760 0.0000e+00
   1065.370    242.000     3.5718  30.759441    33.1760    26.3770 0.0000e+00
   1067.494    243.000     3.6035  30.792187    33.1823    26.3790 0.0000e+00
   1069.568    244.000     3.5987  30.788471    33.1822    26.3794 0.0000e+00
   1071.743    245.000     3.5845  30.777006    33.1825    26.3810 0.0000e+00
   1073.566    246.000     3.5812  30.776478    33.1847    26.3830 0.0000e+00
   1075.887    247.000     3.5927  30.790700    33.1894    26.3857 0.0000e+00
   1077.881    248.000     3.5863  30.786932    33.1909    26.3875 0.0000e+00
   1079.915    249.000     3.5748  30.780069    33.1939    26.3910 0.0000e+00
   1081.754    250.000     3.5631  30.771140    33.1946    26.3927 0.0000e+00
   1083.674    251.000     3.5568  30.766205    33.1946    26.3933 0.0000e+00
   1085.905    252.000     3.5528  30.764187    33.1958    26.3946 0.0000e+00
   1087.687    253.000     3.5523  30.765425    33.1972    26.3958 0.0000e+00
   1089.697    254.000     3.5525  30.766058    33.1973    26.3958 0.0000e+00
   1091.778    255.000     3.5574  30.771956    33.1988    26.3965 0.0000e+00
   1093.933    256.000     3.5689  30.784426    33.2015    26.3976 0.0000e+00
   1095.637    257.000     3.5736  30.789701    33.2024    26.3979 0.0000e+00
   1097.576    258.000     3.5766  30.793484    33.2034    26.3984 0.0000e+00
   1099.789    259.000     3.5818  30.798719    33.2038    26.3982 0.0000e+00
   1101.793    260.000     3.5999  30.817913    33.2078    26.3996 0.0000e+00
   1103.644    261.000     3.6051  30.823187    33.2082    26.3995 0.0000e+00
   1105.655    262.000     3.6166  30.835806    33.2110    26.4007 0.0000e+00
   1107.716    263.000     3.6251  30.845027    33.2129    26.4013 0.0000e+00
   1109.678    264.000     3.6403  30.862238    33.2174    26.4034 0.0000e+00
   1111.697    265.000     3.6765  30.904086    33.2299    26.4099 0.0000e+00
   1113.910    266.000     3.7033  30.933670    33.2373    26.4132 0.0000e+00
   1115.838    267.000     3.7224  30.957503    33.2457    26.4181 0.0000e+00
   1117.794    268.000     3.7321  30.970389    33.2506    26.4211 0.0000e+00
   1120.128    269.000     3.7413  30.983781    33.2566    26.4250 0.0000e+00
   1122.078    270.000     3.7530  31.001882    33.2657    26.4311 0.0000e+00
   1124.128    271.000     3.7646  31.020051    33.2750    26.4373 0.0000e+00
   1126.362    272.000     3.7687  31.026639    33.2781    26.4394 0.0000e+00
   1131.379    273.000     3.7738  31.035343    33.2828    26.4426 0.0000e+00
   1137.471    272.000     3.7693  31.027949    33.2791    26.4401 0.0000e+00
   1140.125    271.000     3.7618  31.015595    33.2726    26.4356 0.0000e+00
   1142.101    270.000     3.7541  31.003337    33.2663    26.4314 0.0000e+00
   1144.230    269.000     3.7448  30.989342    33.2597    26.4271 0.0000e+00
   1146.197    268.000     3.7391  30.981178    33.2563    26.4249 0.0000e+00
   1148.279    267.000     3.7316  30.970466    33.2517    26.4220 0.0000e+00
   1150.434    266.000     3.7185  30.953310    33.2452    26.4181 0.0000e+00
   1153.010    265.000     3.7033  30.935478    33.2400    26.4154 0.0000e+00
   1155.757    264.000     3.6680  30.894340    33.2274    26.4088 0.0000e+00
   1158.297    263.000     3.6330  30.853954    33.2155    26.4026 0.0000e+00
   1160.876    262.000     3.6150  30.834577    33.2112    26.4009 0.0000e+00
   1163.375    261.000     3.6031  30.821815    33.2086    26.4000 0.0000e+00
   1165.829    260.000     3.5945  30.812540    33.2068    26.3994 0.0000e+00
   1167.911    259.000     3.5869  30.804497    33.2055    26.3991 0.0000e+00
   1170.092    258.000     3.5688  30.785046    33.2012    26.3974 0.0000e+00
   1172.363    257.000     3.5620  30.777827    33.2001    26.3971 0.0000e+00
   1174.646    256.000     3.5575  30.772713    33.1991    26.3968 0.0000e+00
   1176.975    255.000     3.5511  30.765427    33.1974    26.3960 0.0000e+00
   1179.301    254.000     3.5400  30.752808    33.1942    26.3945 0.0000e+00
   1181.922    253.000     3.5418  30.752945    33.1930    26.3934 0.0000e+00
   1184.731    252.000     3.5526  30.761194    33.1924    26.3919 0.0000e+00
   1187.574    251.000     3.5641  30.769419    33.1910    26.3897 0.0000e+00
   1190.344    250.000     3.5724  30.773456    33.1879    26.3865 0.0000e+00
   1193.266    249.000     3.5750  30.774056    33.1865    26.3851 0.0000e+00
   1195.446    248.000     3.5843  30.781487    33.1865    26.3842 0.0000e+00
   1198.165    247.000     3.5884  30.784348    33.1862    26.3836 0.0000e+00
   1200.494    246.000     3.5786  30.774193    33.1846    26.3832 0.0000e+00
   1203.133    245.000     3.5704  30.764966    33.1825    26.3823 0.0000e+00
   1205.674    244.000     3.6038  30.794776    33.1846    26.3808 0.0000e+00
   1208.766    243.000     3.6252  30.812372    33.1843    26.3785 0.0000e+00
   1211.689    242.000     3.5395  30.723887    33.1664    26.3724 0.0000e+00
   1214.994    241.000     3.5126  30.697021    33.1622    26.3716 0.0000e+00
   1218.154    240.000     3.4995  30.681539    33.1576    26.3692 0.0000e+00
   1221.314    239.000     3.4881  30.668296    33.1539    26.3673 0.0000e+00
   1224.334    238.000     3.4862  30.663897    33.1511    26.3652 0.0000e+00
   1227.096    237.000     3.4865  30.661910    33.1489    26.3635 0.0000e+00
   1229.755    236.000     3.4900  30.663050    33.1472    26.3618 0.0000e+00
   1232.986    235.000     3.4916  30.662943    33.1460    26.3607 0.0000e+00
   1235.910    234.000     3.4936  30.662985    33.1446    26.3593 0.0000e+00
   1239.415    233.000     3.4964  30.663515    33.1429    26.3577 0.0000e+00
   1243.049    232.000     3.5007  30.665890    33.1419    26.3565 0.0000e+00
   1246.718    231.000     3.5063  30.669166    33.1406    26.3550 0.0000e+00
   1250.394    230.000     3.5082  30.669462    33.1395    26.3540 0.0000e+00
   1253.945    229.000     3.5087  30.668726    33.1387    26.3532 0.0000e+00
   1257.311    228.000     3.5119  30.670216    33.1377    26.3522 0.0000e+00
   1260.843    227.000     3.5130  30.669023    33.1357    26.3505 0.0000e+00
   1264.243    226.000     3.5221  30.674808    33.1339    26.3482 0.0000e+00
   1267.709    225.000     3.5327  30.682128    33.1324    26.3460 0.0000e+00
   1271.487    224.000     3.5402  30.687184    33.1313    26.3444 0.0000e+00
   1275.506    223.000     3.5474  30.692152    33.1304    26.3430 0.0000e+00
   1279.552    222.000     3.5598  30.701728    33.1298    26.3414 0.0000e+00
   1283.965    221.000     3.5722  30.710324    33.1280    26.3387 0.0000e+00
   1287.952    220.000     3.5933  30.726982    33.1269    26.3359 0.0000e+00
   1292.292    219.000     3.6082  30.738801    33.1264    26.3341 0.0000e+00
   1296.174    218.000     3.6295  30.754009    33.1234    26.3297 0.0000e+00
   1300.064    217.000     3.6444  30.760298    33.1163    26.3226 0.0000e+00
   1303.968    216.000     3.6587  30.769043    33.1128    26.3184 0.0000e+00
   1307.632    215.000     3.6789  30.784877    33.1116    26.3156 0.0000e+00
   1311.522    214.000     3.7000  30.802109    33.1113    26.3132 0.0000e+00
   1315.655    213.000     3.7075  30.807742    33.1109    26.3122 0.0000e+00
   1319.844    212.000     3.7174  30.815248    33.1103    26.3108 0.0000e+00
   1323.945    211.000     3.7279  30.821882    33.1081    26.3080 0.0000e+00
   1328.268    210.000     3.7412  30.829672    33.1044    26.3038 0.0000e+00
   1332.769    209.000     3.7569  30.838543    33.0995    26.2984 0.0000e+00
   1337.249    208.000     3.7608  30.839905    33.0977    26.2966 0.0000e+00
   1341.462    207.000     3.7787  30.850169    33.0923    26.2905 0.0000e+00
   1345.812    206.000     3.7845  30.853326    33.0907    26.2887 0.0000e+00
   1349.977    205.000     3.7996  30.861833    33.0860    26.2835 0.0000e+00
   1354.477    204.000     3.8224  30.873012    33.0768    26.2739 0.0000e+00
   1358.903    203.000     3.8337  30.877392    33.0711    26.2683 0.0000e+00
   1363.429    202.000     3.8380  30.879776    33.0701    26.2671 0.0000e+00
   1368.055    201.000     3.8446  30.883784    33.0687    26.2653 0.0000e+00
   1372.757    200.000     3.8543  30.889855    33.0666    26.2627 0.0000e+00
   1377.653    199.000     3.8621  30.894759    33.0650    26.2607 0.0000e+00
   1382.088    198.000     3.8694  30.899042    33.0632    26.2586 0.0000e+00
   1386.245    197.000     3.8766  30.903287    33.0615    26.2565 0.0000e+00
   1390.614    196.000     3.8881  30.911184    33.0598    26.2540 0.0000e+00
   1394.656    195.000     3.8924  30.912334    33.0573    26.2516 0.0000e+00
   1398.664    194.000     3.8822  30.900437    33.0541    26.2500 0.0000e+00
   1402.995    193.000     3.8778  30.892603    33.0497    26.2470 0.0000e+00
   1406.696    192.000     3.8909  30.897974    33.0434    26.2407 0.0000e+00
   1411.074    191.000     3.8941  30.895236    33.0374    26.2356 0.0000e+00
   1414.745    190.000     3.8997  30.897177    33.0346    26.2328 0.0000e+00
   1418.937    189.000     3.9063  30.900643    33.0326    26.2306 0.0000e+00
   1422.586    188.000     3.9098  30.901705    33.0308    26.2288 0.0000e+00
   1426.723    187.000     3.9186  30.905109    33.0265    26.2245 0.0000e+00
   1430.661    186.000     3.9399  30.920108    33.0233    26.2198 0.0000e+00
   1435.341    185.000     3.9508  30.924488    33.0180    26.2146 0.0000e+00
   1439.680    184.000     3.9606  30.931659    33.0171    26.2129 0.0000e+00
   1443.754    183.000     3.9693  30.938057    33.0164    26.2115 0.0000e+00
   1447.874    182.000     3.9709  30.936912    33.0140    26.2094 0.0000e+00
   1451.437    181.000     3.9693  30.933035    33.0115    26.2076 0.0000e+00
   1455.766    180.000     3.9777  30.936933    33.0082    26.2041 0.0000e+00
   1459.317    179.000     3.9844  30.940919    33.0067    26.2022 0.0000e+00
   1463.557    178.000     3.9862  30.940560    33.0050    26.2007 0.0000e+00
   1467.456    177.000     3.9912  30.942584    33.0028    26.1985 0.0000e+00
   1471.491    176.000     3.9956  30.943840    33.0004    26.1961 0.0000e+00
   1475.246    175.000     4.0103  30.955631    33.0001    26.1944 0.0000e+00
   1479.485    174.000     4.0628  31.001432    33.0018    26.1905 0.0000e+00
   1483.244    173.000     4.0957  31.029745    33.0026    26.1879 0.0000e+00
   1487.341    172.000     4.1116  31.042717    33.0024    26.1861 0.0000e+00
   1491.326    171.000     4.1473  31.072296    33.0019    26.1821 0.0000e+00
   1495.203    170.000     4.1581  31.080525    33.0013    26.1805 0.0000e+00
   1499.234    169.000     4.1683  31.087902    33.0002    26.1786 0.0000e+00
   1503.116    168.000     4.1741  31.090209    32.9976    26.1760 0.0000e+00
   1506.770    167.000     4.1561  31.069075    32.9913    26.1728 0.0000e+00
   1510.965    166.000     4.1649  31.072779    32.9874    26.1688 0.0000e+00
   1514.747    165.000     4.1847  31.084981    32.9824    26.1628 0.0000e+00
   1518.507    164.000     4.1855  31.084115    32.9811    26.1617 0.0000e+00
   1522.798    163.000     4.1775  31.075194    32.9791    26.1609 0.0000e+00
   1526.486    162.000     4.1510  31.045171    32.9709    26.1571 0.0000e+00
   1530.574    161.000     4.1514  31.041458    32.9667    26.1537 0.0000e+00
   1534.547    160.000     4.1813  31.065443    32.9654    26.1497 0.0000e+00
   1538.341    159.000     4.2153  31.087007    32.9572    26.1397 0.0000e+00
   1542.463    158.000     4.2339  31.099202    32.9534    26.1347 0.0000e+00
   1546.228    157.000     4.1787  31.043211    32.9435    26.1325 0.0000e+00
   1549.990    156.000     4.1301  30.993946    32.9348    26.1305 0.0000e+00
   1553.688    155.000     4.1185  30.978367    32.9286    26.1267 0.0000e+00
   1557.421    154.000     4.1512  31.007697    32.9308    26.1252 0.0000e+00
   1561.247    153.000     4.1869  31.040055    32.9336    26.1238 0.0000e+00
   1565.120    152.000     4.1857  31.037154    32.9319    26.1226 0.0000e+00
   1569.243    151.000     4.1743  31.023469    32.9278    26.1204 0.0000e+00
   1573.254    150.000     4.1263  30.974357    32.9186    26.1180 0.0000e+00
   1577.254    149.000     4.0920  30.933641    32.9056    26.1111 0.0000e+00
   1581.335    148.000     4.1019  30.936367    32.8994    26.1052 0.0000e+00
   1585.417    147.000     4.1325  30.961563    32.8989    26.1017 0.0000e+00
   1589.537    146.000     4.1791  31.003086    32.9016    26.0992 0.0000e+00
   1593.770    145.000     4.2122  31.032363    32.9034    26.0972 0.0000e+00
   1597.989    144.000     4.2198  31.038262    32.9032    26.0963 0.0000e+00
   1602.343    143.000     4.2230  31.040238    32.9028    26.0957 0.0000e+00
   1606.657    142.000     4.2183  31.034670    32.9015    26.0951 0.0000e+00
   1610.969    141.000     4.1943  31.009952    32.8970    26.0940 0.0000e+00
   1615.370    140.000     4.1774  30.992527    32.8940    26.0933 0.0000e+00
   1619.973    139.000     4.1461  30.960789    32.8885    26.0921 0.0000e+00
   1624.331    138.000     4.1304  30.943849    32.8848    26.0907 0.0000e+00
   1628.886    137.000     4.1114  30.919096    32.8752    26.0850 0.0000e+00
   1633.586    136.000     4.1275  30.928155    32.8703    26.0795 0.0000e+00
