data/seacat/current/bon003.cnv
* Sea-Bird SBE 19plus Data File:
* FileName = C:\Sea-Bird Data\2014\DY1405\Casts\BON003.hex
* Software Version Seasave V 7.22.3
* Temperature SN = 4530
* Conductivity SN = 4530
* System UpLoad Time = May 07 2014 15:44:50
* Real-Time Sample Interval = 0.2500 seconds
* System UTC = May 07 2014 15:44:50
# nquan = 7                                 
# nvalues = 611                         
# units = specified
# name 0 = timeS: Time, Elapsed [seconds]
# name 1 = prdM: Pressure, Strain Gauge [db]
# name 2 = tv290C: Temperature [ITS-90, deg C]
# name 3 = c0mS/cm: Conductivity [mS/cm]
# name 4 = sal00: Salinity, Practical [PSU]
# name 5 = sigma-t00: Density [sigma-t, Kg/m^3 ]
# name 6 = flag: flag
# span 0 =    218.554,   2074.231       
# span 1 =      1.000,    306.000       
# span 2 =     3.6936,     4.6666       
# span 3 =  28.586743,  31.245840       
# span 4 =    29.8599,    33.3887       
# span 5 =    23.6531,    26.5146       
# span 6 = 0.0000e+00, 0.0000e+00       
# interval = decibars: 1                
# start_time = May 07 2014 15:44:50 [System UTC, header]
# bad_flag = -9.990e-29
*END*
[from data line 206]
    643.981    207.000     3.8568  30.875608    33.0435    26.2441 0.0000e+00
    646.922    208.000     3.8443  30.871830    33.0512    26.2514 0.0000e+00
    649.447    209.000     3.8272  30.866091    33.0611    26.2610 0.0000e+00
    651.204    210.000     3.8194  30.863744    33.0657    26.2654 0.0000e+00
    653.916    211.000     3.8126  30.861609    33.0695    26.2691 0.0000e+00
    656.454    212.000     3.8100  30.860846    33.0707    26.2703 0.0000e+00
    658.167    213.000     3.8094  30.860894    33.0709    26.2705 0.0000e+00
    660.558    214.000     3.8090  30.861228    33.0711    26.2708 0.0000e+00
    663.423    215.000     3.8070  30.860888    33.0722    26.2718 0.0000e+00
    665.583    216.000     3.8056  30.860616    33.0728    26.2724 0.0000e+00
    667.550    217.000     3.8039  30.860367    33.0737    26.2733 0.0000e+00
    669.657    218.000     3.7982  30.858321    33.0765    26.2761 0.0000e+00
    672.799    219.000     3.7931  30.856519    33.0790    26.2786 0.0000e+00
    674.654    220.000     3.7847  30.853634    33.0836    26.2830 0.0000e+00
    676.529    221.000     3.7779  30.851139    33.0870    26.2864 0.0000e+00
    678.714    222.000     3.7760  30.850573    33.0877    26.2871 0.0000e+00
    680.878    223.000     3.7723  30.849664    33.0898    26.2892 0.0000e+00
    683.331    224.000     3.7636  30.847236    33.0952    26.2944 0.0000e+00
    685.468    225.000     3.7519  30.843682    33.1024    26.3011 0.0000e+00
    687.345    226.000     3.7459  30.842190    33.1061    26.3047 0.0000e+00
    689.566    227.000     3.7434  30.843658    33.1099    26.3080 0.0000e+00
    692.259    228.000     3.7428  30.845005    33.1116    26.3094 0.0000e+00
    694.302    229.000     3.7388  30.844540    33.1146    26.3121 0.0000e+00
    696.625    230.000     3.7359  30.843969    33.1163    26.3138 0.0000e+00
    699.112    231.000     3.7349  30.844632    33.1176    26.3149 0.0000e+00
    701.106    232.000     3.7352  30.846152    33.1186    26.3157 0.0000e+00
    703.112    233.000     3.7352  30.847126    33.1192    26.3162 0.0000e+00
    705.211    234.000     3.7334  30.848402    33.1220    26.3186 0.0000e+00
    707.564    235.000     3.7289  30.849173    33.1270    26.3230 0.0000e+00
    709.285    236.000     3.7286  30.850974    33.1289    26.3245 0.0000e+00
    711.073    237.000     3.7289  30.854394    33.1321    26.3271 0.0000e+00
    713.329    238.000     3.7291  30.857193    33.1347    26.3291 0.0000e+00
    715.408    239.000     3.7290  30.857984    33.1353    26.3295 0.0000e+00
    717.236    240.000     3.7289  30.858475    33.1354    26.3297 0.0000e+00
    719.146    241.000     3.7289  30.858991    33.1355    26.3298 0.0000e+00
    721.010    242.000     3.7286  30.859512    33.1359    26.3301 0.0000e+00
    722.939    243.000     3.7270  30.859611    33.1371    26.3312 0.0000e+00
    724.900    244.000     3.7154  30.855623    33.1436    26.3375 0.0000e+00
    726.823    245.000     3.7017  30.853074    33.1540    26.3471 0.0000e+00
    728.663    246.000     3.6960  30.857085    33.1640    26.3556 0.0000e+00
    730.483    247.000     3.6942  30.859033    33.1676    26.3587 0.0000e+00
    732.501    248.000     3.6936  30.861901    33.1711    26.3615 0.0000e+00
    734.636    249.000     3.6952  30.866297    33.1742    26.3638 0.0000e+00
    736.431    250.000     3.6964  30.869609    33.1764    26.3655 0.0000e+00
    738.174    251.000     3.6975  30.873115    33.1790    26.3674 0.0000e+00
    740.303    252.000     3.6996  30.877825    33.1819    26.3695 0.0000e+00
    742.117    253.000     3.7017  30.882104    33.1843    26.3712 0.0000e+00
    744.414    254.000     3.7038  30.886126    33.1865    26.3727 0.0000e+00
    746.420    255.000     3.7051  30.888752    33.1878    26.3736 0.0000e+00
    747.971    256.000     3.7056  30.889945    33.1881    26.3739 0.0000e+00
    749.987    257.000     3.7076  30.894283    33.1908    26.3758 0.0000e+00
    751.803    258.000     3.7135  30.905778    33.1979    26.3809 0.0000e+00
    753.566    259.000     3.7162  30.913503    33.2038    26.3854 0.0000e+00
    755.547    260.000     3.7151  30.914289    33.2054    26.3867 0.0000e+00
    757.326    261.000     3.7152  30.915223    33.2058    26.3871 0.0000e+00
    758.848    262.000     3.7155  30.917686    33.2080    26.3887 0.0000e+00
    760.616    263.000     3.7143  30.919339    33.2106    26.3909 0.0000e+00
    762.556    264.000     3.7144  30.921629    33.2127    26.3926 0.0000e+00
    764.273    265.000     3.7209  30.932214    33.2182    26.3963 0.0000e+00
    766.210    266.000     3.7275  30.941243    33.2217    26.3985 0.0000e+00
    767.938    267.000     3.7300  30.946250    33.2246    26.4005 0.0000e+00
    769.441    268.000     3.7402  30.959727    33.2297    26.4036 0.0000e+00
    771.336    269.000     3.7555  30.981386    33.2394    26.4098 0.0000e+00
    773.326    270.000     3.7588  30.986187    33.2412    26.4110 0.0000e+00
    775.125    271.000     3.7606  30.988837    33.2420    26.4114 0.0000e+00
    776.772    272.000     3.7638  30.993346    33.2436    26.4124 0.0000e+00
    778.493    273.000     3.7659  30.996434    33.2446    26.4130 0.0000e+00
    780.428    274.000     3.7678  30.999506    33.2458    26.4137 0.0000e+00
    782.114    275.000     3.7703  31.003432    33.2474    26.4148 0.0000e+00
    783.835    276.000     3.7769  31.012620    33.2511    26.4171 0.0000e+00
    785.614    277.000     3.7928  31.035277    33.2613    26.4236 0.0000e+00
    787.265    278.000     3.8016  31.048169    33.2671    26.4274 0.0000e+00
    788.976    279.000     3.8082  31.057234    33.2706    26.4296 0.0000e+00
    790.883    280.000     3.8169  31.069861    33.2763    26.4332 0.0000e+00
    792.610    281.000     3.8219  31.077182    33.2793    26.4352 0.0000e+00
    794.078    282.000     3.8271  31.084816    33.2826    26.4372 0.0000e+00
    795.679    283.000     3.8396  31.104689    33.2929    26.4442 0.0000e+00
    797.778    284.000     3.8533  31.128874    33.3071    26.4542 0.0000e+00
    799.593    285.000     3.8593  31.140764    33.3146    26.4595 0.0000e+00
    801.069    286.000     3.8620  31.146428    33.3180    26.4620 0.0000e+00
    802.700    287.000     3.8647  31.152107    33.3215    26.4645 0.0000e+00
    804.653    288.000     3.8685  31.160886    33.3275    26.4689 0.0000e+00
    806.222    289.000     3.8714  31.168185    33.3327    26.4728 0.0000e+00
    807.700    290.000     3.8729  31.172128    33.3353    26.4747 0.0000e+00
    809.966    291.000     3.8738  31.174631    33.3369    26.4758 0.0000e+00
    811.698    292.000     3.8744  31.176350    33.3378    26.4765 0.0000e+00
    813.017    293.000     3.8757  31.179696    33.3399    26.4780 0.0000e+00
    814.554    294.000     3.8780  31.185691    33.3441    26.4812 0.0000e+00
    816.426    295.000     3.8830  31.197942    33.3530    26.4878 0.0000e+00
    818.086    296.000     3.8884  31.211371    33.3629    26.4951 0.0000e+00
    819.518    297.000     3.8904  31.216857    33.3669    26.4980 0.0000e+00
    821.269    298.000     3.8915  31.219745    33.3686    26.4993 0.0000e+00
    823.252    299.000     3.8926  31.222536    33.3703    26.5006 0.0000e+00
    824.706    300.000     3.8934  31.224862    33.3717    26.5016 0.0000e+00
    826.036    301.000     3.8939  31.226712    33.3729    26.5025 0.0000e+00
    827.677    302.000     3.8942  31.227714    33.3732    26.5027 0.0000e+00
    829.388    303.000     3.8944  31.228627    33.3736    26.5030 0.0000e+00
    831.027    304.000     3.8949  31.230348    33.3746    26.5038 0.0000e+00
    832.750    305.000     3.8967  31.238192    33.3815    26.5091 0.0000e+00
    841.804    306.000     3.8981  31.245840    33.3887    26.5146 0.0000e+00
    847.464    305.000     3.8974  31.241447    33.3847    26.5115 0.0000e+00
    850.314    304.000     3.8955  31.232848    33.3770    26.5056 0.0000e+00
    854.039    303.000     3.8945  31.228910    33.3738    26.5032 0.0000e+00
    856.656    302.000     3.8944  31.228335    33.3738    26.5031 0.0000e+00
    860.073    301.000     3.8938  31.226522    33.3728    26.5024 0.0000e+00
    863.547    300.000     3.8936  31.225860    33.3727    26.5024 0.0000e+00
    866.520    299.000     3.8924  31.222446    33.3704    26.5007 0.0000e+00
    869.881    298.000     3.8917  31.220382    33.3692    26.4998 0.0000e+00
    873.414    297.000     3.8904  31.216722    33.3667    26.4979 0.0000e+00
    876.344    296.000     3.8879  31.210262    33.3621    26.4945 0.0000e+00
    880.532    295.000     3.8775  31.184664    33.3429    26.4803 0.0000e+00
    882.937    294.000     3.8762  31.181075    33.3405    26.4785 0.0000e+00
    886.921    293.000     3.8735  31.174182    33.3356    26.4748 0.0000e+00
    890.383    292.000     3.8733  31.173619    33.3356    26.4749 0.0000e+00
    893.527    291.000     3.8719  31.169936    33.3332    26.4731 0.0000e+00
    897.995    290.000     3.8700  31.164726    33.3295    26.4703 0.0000e+00
    900.305    289.000     3.8678  31.159568    33.3262    26.4679 0.0000e+00
    904.631    288.000     3.8606  31.144854    33.3166    26.4610 0.0000e+00
    907.749    287.000     3.8576  31.138509    33.3126    26.4581 0.0000e+00
    911.053    286.000     3.8546  31.132111    33.3086    26.4552 0.0000e+00
    915.123    285.000     3.8453  31.114941    33.2982    26.4479 0.0000e+00
    918.208    284.000     3.8312  31.092076    33.2860    26.4395 0.0000e+00
    922.292    283.000     3.8246  31.082260    33.2816    26.4367 0.0000e+00
    925.833    282.000     3.8211  31.076750    33.2791    26.4351 0.0000e+00
    929.659    281.000     3.8159  31.069232    33.2760    26.4331 0.0000e+00
    933.096    280.000     3.8103  31.061168    33.2726    26.4310 0.0000e+00
    937.082    279.000     3.8059  31.054843    33.2701    26.4294 0.0000e+00
    940.775    278.000     3.7957  31.040475    33.2640    26.4255 0.0000e+00
    944.024    277.000     3.7786  31.015915    33.2527    26.4182 0.0000e+00
    948.114    276.000     3.7724  31.006726    33.2486    26.4156 0.0000e+00
    950.680    275.000     3.7702  31.003431    33.2475    26.4149 0.0000e+00
    954.959    274.000     3.7673  30.999105    33.2458    26.4138 0.0000e+00
    958.191    273.000     3.7654  30.996246    33.2449    26.4133 0.0000e+00
    961.743    272.000     3.7622  30.990601    33.2419    26.4112 0.0000e+00
    965.447    271.000     3.7549  30.979332    33.2365    26.4076 0.0000e+00
    969.316    270.000     3.7407  30.960952    33.2296    26.4035 0.0000e+00
    972.006    269.000     3.7329  30.950797    33.2260    26.4014 0.0000e+00
    976.432    268.000     3.7296  30.944722    33.2226    26.3990 0.0000e+00
    978.991    267.000     3.7244  30.937710    33.2201    26.3975 0.0000e+00
    982.586    266.000     3.7171  30.927432    33.2158    26.3948 0.0000e+00
    986.017    265.000     3.7201  30.927713    33.2136    26.3928 0.0000e+00
    989.752    264.000     3.7223  30.925351    33.2091    26.3890 0.0000e+00
    992.720    263.000     3.7162  30.915579    33.2042    26.3857 0.0000e+00
    996.319    262.000     3.7107  30.906225    33.1992    26.3822 0.0000e+00
    999.391    261.000     3.7099  30.903539    33.1973    26.3808 0.0000e+00
   1002.638    260.000     3.7067  30.895769    33.1919    26.3768 0.0000e+00
   1005.499    259.000     3.7014  30.885044    33.1850    26.3718 0.0000e+00
   1008.598    258.000     3.7000  30.881092    33.1823    26.3698 0.0000e+00
   1011.352    257.000     3.7005  30.880945    33.1821    26.3696 0.0000e+00
   1014.539    256.000     3.7005  30.880138    33.1817    26.3692 0.0000e+00
   1016.980    255.000     3.7000  30.878275    33.1805    26.3683 0.0000e+00
   1019.923    254.000     3.6993  30.875962    33.1790    26.3672 0.0000e+00
   1022.638    253.000     3.6985  30.872616    33.1763    26.3652 0.0000e+00
   1025.329    252.000     3.6980  30.870108    33.1744    26.3637 0.0000e+00
   1028.602    251.000     3.6979  30.868747    33.1734    26.3629 0.0000e+00
   1030.447    250.000     3.6978  30.867481    33.1725    26.3622 0.0000e+00
   1034.109    249.000     3.6985  30.864335    33.1685    26.3590 0.0000e+00
   1036.826    248.000     3.7037  30.863702    33.1630    26.3541 0.0000e+00
   1038.746    247.000     3.7145  30.865219    33.1544    26.3462 0.0000e+00
   1042.291    246.000     3.7224  30.865116    33.1468    26.3394 0.0000e+00
   1045.619    245.000     3.7242  30.863946    33.1441    26.3370 0.0000e+00
   1047.365    244.000     3.7248  30.861703    33.1413    26.3348 0.0000e+00
   1050.539    243.000     3.7245  30.859218    33.1392    26.3331 0.0000e+00
   1053.596    242.000     3.7244  30.857631    33.1379    26.3321 0.0000e+00
   1056.157    241.000     3.7240  30.853964    33.1345    26.3294 0.0000e+00
   1059.203    240.000     3.7265  30.852153    33.1303    26.3259 0.0000e+00
   1061.580    239.000     3.7272  30.849243    33.1267    26.3229 0.0000e+00
   1065.237    238.000     3.7260  30.845210    33.1236    26.3206 0.0000e+00
   1067.376    237.000     3.7269  30.844812    33.1228    26.3198 0.0000e+00
   1070.353    236.000     3.7287  30.844934    33.1216    26.3187 0.0000e+00
   1073.375    235.000     3.7307  30.844998    33.1202    26.3174 0.0000e+00
   1076.345    234.000     3.7317  30.843945    33.1184    26.3159 0.0000e+00
   1078.892    233.000     3.7315  30.841599    33.1164    26.3143 0.0000e+00
   1083.021    232.000     3.7314  30.840066    33.1152    26.3133 0.0000e+00
   1084.491    231.000     3.7343  30.839487    33.1121    26.3106 0.0000e+00
   1087.955    230.000     3.7438  30.843037    33.1072    26.3058 0.0000e+00
   1091.100    229.000     3.7484  30.845104    33.1055    26.3040 0.0000e+00
   1093.071    228.000     3.7517  30.846209    33.1040    26.3025 0.0000e+00
   1096.857    227.000     3.7530  30.846248    33.1032    26.3017 0.0000e+00
   1099.332    226.000     3.7537  30.846142    33.1029    26.3014 0.0000e+00
   1102.134    225.000     3.7575  30.846920    33.1005    26.2991 0.0000e+00
   1105.228    224.000     3.7618  30.847855    33.0978    26.2966 0.0000e+00
   1107.579    223.000     3.7641  30.848017    33.0962    26.2951 0.0000e+00
   1111.338    222.000     3.7684  30.849131    33.0937    26.2926 0.0000e+00
   1113.250    221.000     3.7761  30.851055    33.0887    26.2879 0.0000e+00
   1116.535    220.000     3.7841  30.853512    33.0840    26.2834 0.0000e+00
   1119.513    219.000     3.7875  30.854234    33.0820    26.2815 0.0000e+00
   1121.395    218.000     3.7889  30.854281    33.0811    26.2807 0.0000e+00
   1125.356    217.000     3.7927  30.855169    33.0789    26.2785 0.0000e+00
   1127.283    216.000     3.7957  30.855978    33.0773    26.2770 0.0000e+00
   1129.667    215.000     3.8043  30.859111    33.0729    26.2726 0.0000e+00
   1132.967    214.000     3.8122  30.861979    33.0688    26.2686 0.0000e+00
   1135.362    213.000     3.8152  30.862746    33.0672    26.2670 0.0000e+00
   1137.742    212.000     3.8239  30.865252    33.0619    26.2619 0.0000e+00
   1140.536    211.000     3.8404  30.870342    33.0518    26.2523 0.0000e+00
   1142.696    210.000     3.8447  30.871472    33.0493    26.2499 0.0000e+00
   1145.642    209.000     3.8502  30.872929    33.0460    26.2467 0.0000e+00
   1148.502    208.000     3.8544  30.873953    33.0435    26.2443 0.0000e+00
   1150.570    207.000     3.8572  30.874546    33.0419    26.2428 0.0000e+00
   1153.096    206.000     3.8593  30.874853    33.0406    26.2416 0.0000e+00
   1155.960    205.000     3.8608  30.874832    33.0396    26.2406 0.0000e+00
   1158.245    204.000     3.8631  30.875160    33.0382    26.2393 0.0000e+00
   1160.855    203.000     3.8648  30.875352    33.0372    26.2383 0.0000e+00
   1163.119    202.000     3.8683  30.875890    33.0349    26.2361 0.0000e+00
