data/seacat/current/bon016.cnv
* Sea-Bird SBE 19plus Data File:
* FileName = C:\Sea-Bird Data\2014\DY1405\Casts\BON016.hex
* Software Version Seasave V 7.22.3
* Temperature SN = 4530
* Conductivity SN = 4530
* System UpLoad Time = May 09 2014 15:04:51
* Real-Time Sample Interval = 0.2500 seconds
* System UTC = May 09 2014 15:04:51
# nquan = 7                                 
# nvalues = 121                         
# units = specified
# name 0 = timeS: Time, Elapsed [seconds]
# name 1 = prdM: Pressure, Strain Gauge [db]
# name 2 = tv290C: Temperature [ITS-90, deg C]
# name 3 = c0mS/cm: Conductivity [mS/cm]
# name 4 = sal00: Salinity, Practical [PSU]
# name 5 = sigma-t00: Density [sigma-t, Kg/m^3 ]
# name 6 = flag: flag
# span 0 =    101.798,    502.765       
# span 1 =      1.000,     61.000       
# span 2 =     2.5784,     3.9757       
# span 3 =  28.880457,  30.075185       
# span 4 =    31.7917,    32.6941       
# span 5 =    25.2377,    26.0413       
# span 6 = 0.0000e+00, 0.0000e+00       
# interval = decibars: 1                
# start_time = May 09 2014 15:04:51 [System UTC, header]
# bad_flag = -9.990e-29
*END*
    101.798      1.000     3.9688  29.819993    31.7917    25.2377 0.0000e+00
    107.735      2.000     3.9757  30.054816    32.0611    25.4513 0.0000e+00
    113.724      3.000     3.9618  30.075185    32.0982    25.4821 0.0000e+00
    115.887      4.000     3.8426  30.066517    32.2048    25.5783 0.0000e+00
    117.834      5.000     3.5709  29.963241    32.3507    25.7200 0.0000e+00
    119.257      6.000     3.6495  30.003429    32.3200    25.6882 0.0000e+00
    122.128      7.000     3.3555  29.729044    32.2841    25.6865 0.0000e+00
    123.769      8.000     3.1797  29.664259    32.3815    25.7796 0.0000e+00
    125.076      9.000     3.1749  29.730845    32.4661    25.8475 0.0000e+00
    127.311     10.000     3.1832  29.780959    32.5176    25.8879 0.0000e+00
    129.943     11.000     3.0388  29.806602    32.6941    26.0413 0.0000e+00
    131.545     12.000     3.3137  29.893435    32.5207    25.8788 0.0000e+00
    133.806     13.000     3.3336  29.840822    32.4370    25.8103 0.0000e+00
    136.260     14.000     3.0993  29.847210    32.6803    26.0250 0.0000e+00
    138.575     15.000     2.9585  29.570395    32.4868    25.8828 0.0000e+00
    140.917     16.000     2.6192  28.935212    32.0540    25.5652 0.0000e+00
    142.872     17.000     2.6001  28.911669    32.0438    25.5585 0.0000e+00
    144.700     18.000     2.5919  28.901774    32.0394    25.5557 0.0000e+00
    146.674     19.000     2.5914  28.900481    32.0378    25.5544 0.0000e+00
    148.850     20.000     2.5962  28.904652    32.0375    25.5538 0.0000e+00
    150.798     21.000     2.6017  28.911110    32.0394    25.5549 0.0000e+00
    152.474     22.000     2.6054  28.914754    32.0396    25.5548 0.0000e+00
    154.498     23.000     2.6123  28.921659    32.0406    25.5550 0.0000e+00
    157.099     24.000     2.6130  28.922616    32.0405    25.5549 0.0000e+00
    158.966     25.000     2.6117  28.922028    32.0406    25.5550 0.0000e+00
    161.095     26.000     2.6128  28.923804    32.0411    25.5554 0.0000e+00
    163.790     27.000     2.6143  28.925868    32.0416    25.5557 0.0000e+00
    165.908     28.000     2.6131  28.925735    32.0421    25.5562 0.0000e+00
    168.139     29.000     2.6066  28.922394    32.0440    25.5582 0.0000e+00
    170.401     30.000     2.5940  28.914266    32.0462    25.5609 0.0000e+00
    172.601     31.000     2.5898  28.911652    32.0466    25.5616 0.0000e+00
    174.684     32.000     2.6238  28.943191    32.0506    25.5621 0.0000e+00
    176.662     33.000     2.6949  29.010681    32.0613    25.5649 0.0000e+00
    178.999     34.000     2.7436  29.056717    32.0681    25.5665 0.0000e+00
    180.976     35.000     2.7797  29.092558    32.0751    25.5691 0.0000e+00
    182.801     36.000     2.7764  29.094915    32.0808    25.5739 0.0000e+00
    185.127     37.000     2.7399  29.067396    32.0833    25.5788 0.0000e+00
    187.363     38.000     2.7051  29.041686    32.0862    25.5840 0.0000e+00
    189.148     39.000     2.6682  29.014016    32.0889    25.5891 0.0000e+00
    191.194     40.000     2.6427  28.995138    32.0909    25.5927 0.0000e+00
    193.429     41.000     2.6202  28.977480    32.0913    25.5949 0.0000e+00
    195.581     42.000     2.6068  28.967609    32.0922    25.5966 0.0000e+00
    197.214     43.000     2.6021  28.965368    32.0936    25.5982 0.0000e+00
    199.414     44.000     2.6036  28.967720    32.0944    25.5987 0.0000e+00
    201.736     45.000     2.6101  28.975730    32.0972    25.6004 0.0000e+00
    203.365     46.000     2.6134  28.979634    32.0981    25.6009 0.0000e+00
    205.236     47.000     2.6203  28.987711    32.1005    25.6023 0.0000e+00
    207.857     48.000     2.6216  28.989361    32.1007    25.6023 0.0000e+00
    209.573     49.000     2.6202  28.988539    32.1006    25.6023 0.0000e+00
    211.306     50.000     2.6198  28.988363    32.1002    25.6021 0.0000e+00
    213.677     51.000     2.6261  28.995845    32.1025    25.6034 0.0000e+00
    215.904     52.000     2.6258  28.995666    32.1021    25.6031 0.0000e+00
    217.468     53.000     2.6269  28.997228    32.1024    25.6032 0.0000e+00
    219.588     54.000     2.6332  29.004913    32.1049    25.6047 0.0000e+00
    221.826     55.000     2.6370  29.009811    32.1065    25.6057 0.0000e+00
    223.808     56.000     2.6394  29.013018    32.1075    25.6063 0.0000e+00
    225.983     57.000     2.6434  29.018406    32.1095    25.6076 0.0000e+00
    227.903     58.000     2.6433  29.018721    32.1095    25.6076 0.0000e+00
    230.359     59.000     2.6452  29.022029    32.1111    25.6087 0.0000e+00
    232.249     60.000     2.6455  29.026171    32.1153    25.6121 0.0000e+00
    235.254     61.000     2.6437  29.027574    32.1183    25.6146 0.0000e+00
    242.472     60.000     2.6468  29.025399    32.1131    25.6102 0.0000e+00
    245.695     59.000     2.6454  29.021882    32.1107    25.6084 0.0000e+00
    249.049     58.000     2.6452  29.021003    32.1104    25.6081 0.0000e+00
    251.744     57.000     2.6435  29.018396    32.1094    25.6075 0.0000e+00
    255.252     56.000     2.6439  29.018240    32.1094    25.6074 0.0000e+00
    258.789     55.000     2.6387  29.011595    32.1070    25.6060 0.0000e+00
    262.661     54.000     2.6335  29.004918    32.1046    25.6044 0.0000e+00
    266.353     53.000     2.6342  29.005342    32.1049    25.6047 0.0000e+00
    270.080     52.000     2.6313  29.001576    32.1038    25.6040 0.0000e+00
    273.509     51.000     2.6338  29.004001    32.1048    25.6046 0.0000e+00
    276.990     50.000     2.6282  28.996910    32.1023    25.6030 0.0000e+00
    279.641     49.000     2.6254  28.993152    32.1010    25.6022 0.0000e+00
    283.940     48.000     2.6206  28.987158    32.0990    25.6010 0.0000e+00
    288.333     47.000     2.6210  28.987175    32.0992    25.6011 0.0000e+00
    292.493     46.000     2.6204  28.985780    32.0986    25.6007 0.0000e+00
    296.121     45.000     2.6191  28.982516    32.0965    25.5991 0.0000e+00
    300.280     44.000     2.6200  28.981407    32.0947    25.5976 0.0000e+00
    303.791     43.000     2.6218  28.982047    32.0942    25.5971 0.0000e+00
    308.501     42.000     2.6323  28.988627    32.0923    25.5947 0.0000e+00
    312.819     41.000     2.6529  29.002354    32.0889    25.5904 0.0000e+00
    317.263     40.000     2.6675  29.012267    32.0869    25.5876 0.0000e+00
    322.167     39.000     2.6884  29.027429    32.0850    25.5844 0.0000e+00
    326.122     38.000     2.7307  29.059441    32.0822    25.5788 0.0000e+00
    329.756     37.000     2.7430  29.068198    32.0811    25.5769 0.0000e+00
    334.663     36.000     2.7495  29.072185    32.0800    25.5755 0.0000e+00
    338.976     35.000     2.7279  29.051464    32.0769    25.5747 0.0000e+00
    343.582     34.000     2.6775  29.002813    32.0686    25.5721 0.0000e+00
    347.288     33.000     2.6647  28.989894    32.0661    25.5712 0.0000e+00
    351.606     32.000     2.6117  28.938420    32.0569    25.5681 0.0000e+00
    355.245     31.000     2.5937  28.918249    32.0508    25.5646 0.0000e+00
    359.661     30.000     2.5970  28.919995    32.0502    25.5639 0.0000e+00
    364.264     29.000     2.6078  28.927718    32.0493    25.5623 0.0000e+00
    367.853     28.000     2.6113  28.928660    32.0475    25.5606 0.0000e+00
    371.807     27.000     2.6117  28.927198    32.0458    25.5592 0.0000e+00
    375.054     26.000     2.6051  28.919406    32.0434    25.5579 0.0000e+00
    379.348     25.000     2.5973  28.910869    32.0414    25.5568 0.0000e+00
    384.437     24.000     2.5919  28.904550    32.0396    25.5558 0.0000e+00
    388.524     23.000     2.5840  28.895387    32.0368    25.5542 0.0000e+00
    392.767     22.000     2.5784  28.887556    32.0334    25.5519 0.0000e+00
    396.558     21.000     2.5798  28.887278    32.0322    25.5509 0.0000e+00
    400.429     20.000     2.5803  28.886895    32.0317    25.5505 0.0000e+00
    404.172     19.000     2.5809  28.886492    32.0312    25.5500 0.0000e+00
    408.303     18.000     2.5845  28.888701    32.0308    25.5494 0.0000e+00
    412.288     17.000     2.5833  28.886183    32.0294    25.5484 0.0000e+00
    416.017     16.000     2.5802  28.882052    32.0280    25.5475 0.0000e+00
    421.203     15.000     2.5810  28.881481    32.0271    25.5467 0.0000e+00
    425.408     14.000     2.5808  28.880457    32.0265    25.5463 0.0000e+00
    430.055     13.000     2.5858  28.883751    32.0261    25.5455 0.0000e+00
    435.479     12.000     2.6049  28.899570    32.0269    25.5446 0.0000e+00
    440.650     11.000     2.6338  28.924256    32.0286    25.5437 0.0000e+00
    446.354     10.000     2.7027  28.984061    32.0332    25.5419 0.0000e+00
    450.769      9.000     2.8994  29.156577    32.0472    25.5369 0.0000e+00
    455.638      8.000     3.0540  29.293196    32.0591    25.5334 0.0000e+00
    460.168      7.000     3.1107  29.343691    32.0642    25.5327 0.0000e+00
    466.554      6.000     3.1551  29.383325    32.0684    25.5322 0.0000e+00
    471.013      5.000     3.1549  29.382923    32.0686    25.5324 0.0000e+00
    476.681      4.000     3.1627  29.388800    32.0685    25.5316 0.0000e+00
    488.534      3.000     3.3676  29.549706    32.0591    25.5062 0.0000e+00
    499.585      2.000     3.8982  29.966253    32.0326    25.4360 0.0000e+00
    502.765      1.000     3.9170  29.980801    32.0318    25.4336 0.0000e+00
