data/seacat/current/bon050.cnv
* Sea-Bird SBE 19plus Data File:
* FileName = C:\Sea-Bird Data\2014\DY1405\Casts\BON050.hex
* Software Version Seasave V 7.22.3
* Temperature SN = 4530
* Conductivity SN = 4530
* System UpLoad Time = May 16 2014 17:56:45
* Real-Time Sample Interval = 0.2500 seconds
* System UTC = May 16 2014 17:56:45
# nquan = 7                                 
# nvalues = 607                         
# units = specified
# name 0 = timeS: Time, Elapsed [seconds]
# name 1 = prdM: Pressure, Strain Gauge [db]
# name 2 = tv290C: Temperature [ITS-90, deg C]
# name 3 = c0mS/cm: Conductivity [mS/cm]
# name 4 = sal00: Salinity, Practical [PSU]
# name 5 = sigma-t00: Density [sigma-t, Kg/m^3 ]
# name 6 = flag: flag
# span 0 =    285.528,   2077.074       
# span 1 =      1.000,    304.000       
# span 2 =     3.5896,     6.1499       
# span 3 =  28.142869,  32.052722       
# span 4 =    28.1173,    33.1792       
# span 5 =    22.1267,    26.3773       
# span 6 = 0.0000e+00, 0.0000e+00       
# interval = decibars: 1                
# start_time = May 16 2014 17:56:45 [System UTC, header]
# bad_flag = -9.990e-29
*END*
[from data line 206]
    693.112    207.000     4.0161  31.020412    33.0541    26.2368 0.0000e+00
    694.833    208.000     4.0149  31.021356    33.0559    26.2383 0.0000e+00
    696.771    209.000     4.0085  31.016061    33.0556    26.2387 0.0000e+00
    698.642    210.000     3.9996  31.008342    33.0549    26.2391 0.0000e+00
    700.311    211.000     3.9861  30.996409    33.0539    26.2396 0.0000e+00
    702.192    212.000     3.9755  30.987695    33.0538    26.2406 0.0000e+00
    704.139    213.000     3.9720  30.985882    33.0547    26.2416 0.0000e+00
    705.915    214.000     3.9654  30.981223    33.0553    26.2428 0.0000e+00
    707.641    215.000     3.9588  30.977334    33.0568    26.2447 0.0000e+00
    709.307    216.000     3.9590  30.979114    33.0582    26.2457 0.0000e+00
    711.150    217.000     3.9656  30.986839    33.0602    26.2466 0.0000e+00
    713.055    218.000     3.9682  30.989872    33.0606    26.2467 0.0000e+00
    714.835    219.000     3.9861  31.009312    33.0650    26.2485 0.0000e+00
    716.597    220.000     4.0116  31.040380    33.0755    26.2542 0.0000e+00
    718.523    221.000     4.0028  31.035423    33.0780    26.2571 0.0000e+00
    720.287    222.000     3.9950  31.030451    33.0794    26.2590 0.0000e+00
    722.081    223.000     3.9963  31.033308    33.0810    26.2601 0.0000e+00
    724.079    224.000     3.9996  31.038050    33.0827    26.2612 0.0000e+00
    725.937    225.000     3.9991  31.038435    33.0832    26.2616 0.0000e+00
    727.635    226.000     4.0058  31.049353    33.0888    26.2654 0.0000e+00
    729.530    227.000     4.0111  31.060034    33.0955    26.2702 0.0000e+00
    731.378    228.000     4.0085  31.059030    33.0965    26.2712 0.0000e+00
    733.152    229.000     4.0063  31.058343    33.0973    26.2721 0.0000e+00
    734.887    230.000     4.0032  31.057648    33.0991    26.2739 0.0000e+00
    736.788    231.000     3.9958  31.053565    33.1013    26.2763 0.0000e+00
    738.764    232.000     3.9908  31.051393    33.1032    26.2784 0.0000e+00
    740.503    233.000     3.9902  31.052762    33.1049    26.2798 0.0000e+00
    742.262    234.000     3.9884  31.052738    33.1062    26.2810 0.0000e+00
    744.095    235.000     3.9878  31.052798    33.1064    26.2812 0.0000e+00
    745.933    236.000     3.9859  31.052530    33.1074    26.2822 0.0000e+00
    747.858    237.000     3.9755  31.045997    33.1097    26.2850 0.0000e+00
    749.604    238.000     3.9484  31.022955    33.1093    26.2874 0.0000e+00
    751.384    239.000     3.9229  31.001275    33.1089    26.2896 0.0000e+00
    753.346    240.000     3.9156  30.995860    33.1094    26.2907 0.0000e+00
    755.249    241.000     3.9045  30.986510    33.1090    26.2915 0.0000e+00
    756.894    242.000     3.8875  30.971496    33.1079    26.2923 0.0000e+00
    758.614    243.000     3.8804  30.965667    33.1077    26.2928 0.0000e+00
    760.606    244.000     3.8793  30.965159    33.1076    26.2929 0.0000e+00
    762.410    245.000     3.8802  30.966333    33.1076    26.2928 0.0000e+00
    764.042    246.000     3.8776  30.964702    33.1078    26.2932 0.0000e+00
    765.792    247.000     3.8697  30.958226    33.1076    26.2938 0.0000e+00
    767.713    248.000     3.8666  30.956224    33.1078    26.2943 0.0000e+00
    769.536    249.000     3.8648  30.955109    33.1078    26.2945 0.0000e+00
    771.272    250.000     3.8645  30.955289    33.1078    26.2945 0.0000e+00
    772.980    251.000     3.8641  30.955375    33.1078    26.2945 0.0000e+00
    774.709    252.000     3.8590  30.951380    33.1077    26.2950 0.0000e+00
    776.537    253.000     3.8536  30.947172    33.1077    26.2955 0.0000e+00
    778.425    254.000     3.8502  30.944951    33.1079    26.2960 0.0000e+00
    780.224    255.000     3.8480  30.943752    33.1082    26.2965 0.0000e+00
    782.105    256.000     3.8466  30.943389    33.1087    26.2970 0.0000e+00
    784.291    257.000     3.8461  30.943614    33.1089    26.2972 0.0000e+00
    786.246    258.000     3.8449  30.943073    33.1090    26.2974 0.0000e+00
    788.436    259.000     3.8443  30.943139    33.1092    26.2976 0.0000e+00
    790.412    260.000     3.8433  30.942843    33.1093    26.2978 0.0000e+00
    792.307    261.000     3.8432  30.943244    33.1094    26.2978 0.0000e+00
    794.433    262.000     3.8437  30.944059    33.1093    26.2977 0.0000e+00
    796.211    263.000     3.8385  30.940691    33.1101    26.2988 0.0000e+00
    797.804    264.000     3.8296  30.934336    33.1110    26.3005 0.0000e+00
    799.779    265.000     3.8228  30.929749    33.1119    26.3019 0.0000e+00
    801.624    266.000     3.8173  30.926225    33.1128    26.3031 0.0000e+00
    803.326    267.000     3.8097  30.920919    33.1137    26.3045 0.0000e+00
    805.249    268.000     3.8031  30.916757    33.1149    26.3062 0.0000e+00
    807.204    269.000     3.7986  30.914468    33.1162    26.3076 0.0000e+00
    808.980    270.000     3.7965  30.913578    33.1168    26.3083 0.0000e+00
    811.162    271.000     3.7940  30.912171    33.1171    26.3088 0.0000e+00
    813.424    272.000     3.7898  30.909827    33.1181    26.3100 0.0000e+00
    815.443    273.000     3.7858  30.907926    33.1193    26.3114 0.0000e+00
    817.554    274.000     3.7757  30.901111    33.1210    26.3136 0.0000e+00
    819.645    275.000     3.7653  30.893682    33.1221    26.3156 0.0000e+00
    821.394    276.000     3.7610  30.891245    33.1231    26.3168 0.0000e+00
    823.161    277.000     3.7587  30.890469    33.1240    26.3177 0.0000e+00
    825.223    278.000     3.7537  30.887726    33.1253    26.3192 0.0000e+00
    827.196    279.000     3.7387  30.876646    33.1268    26.3219 0.0000e+00
    829.121    280.000     3.7103  30.853732    33.1278    26.3254 0.0000e+00
    830.985    281.000     3.6958  30.843337    33.1296    26.3283 0.0000e+00
    832.826    282.000     3.6840  30.835325    33.1315    26.3309 0.0000e+00
    834.966    283.000     3.6799  30.832989    33.1324    26.3320 0.0000e+00
    836.936    284.000     3.6781  30.832064    33.1326    26.3323 0.0000e+00
    838.769    285.000     3.6753  30.830570    33.1332    26.3330 0.0000e+00
    840.748    286.000     3.6725  30.829113    33.1337    26.3338 0.0000e+00
    842.916    287.000     3.6701  30.827626    33.1339    26.3341 0.0000e+00
    844.944    288.000     3.6667  30.825545    33.1343    26.3348 0.0000e+00
    846.894    289.000     3.6610  30.822275    33.1357    26.3364 0.0000e+00
    848.810    290.000     3.6426  30.811598    33.1411    26.3425 0.0000e+00
    850.967    291.000     3.6203  30.798437    33.1476    26.3498 0.0000e+00
    853.052    292.000     3.6106  30.792393    33.1497    26.3524 0.0000e+00
    855.051    293.000     3.6080  30.792114    33.1515    26.3541 0.0000e+00
    857.182    294.000     3.6087  30.795369    33.1542    26.3561 0.0000e+00
    859.100    295.000     3.6132  30.803007    33.1582    26.3589 0.0000e+00
    861.147    296.000     3.6134  30.806799    33.1620    26.3619 0.0000e+00
    863.409    297.000     3.6114  30.807929    33.1648    26.3644 0.0000e+00
    865.506    298.000     3.6104  30.812266    33.1705    26.3690 0.0000e+00
    867.401    299.000     3.6124  30.817037    33.1736    26.3713 0.0000e+00
    869.466    300.000     3.6088  30.815581    33.1750    26.3727 0.0000e+00
    871.729    301.000     3.6015  30.809985    33.1752    26.3736 0.0000e+00
    873.795    302.000     3.5969  30.807183    33.1761    26.3747 0.0000e+00
    875.950    303.000     3.5896  30.801404    33.1761    26.3754 0.0000e+00
    880.777    304.000     3.5954  30.809420    33.1792    26.3773 0.0000e+00
    884.803    303.000     3.5905  30.802148    33.1760    26.3753 0.0000e+00
    888.645    302.000     3.5984  30.808096    33.1756    26.3742 0.0000e+00
    890.640    301.000     3.6052  30.812892    33.1750    26.3730 0.0000e+00
    892.553    300.000     3.6113  30.817080    33.1743    26.3719 0.0000e+00
    894.427    299.000     3.6120  30.814479    33.1710    26.3692 0.0000e+00
    896.404    298.000     3.6127  30.809376    33.1647    26.3641 0.0000e+00
    898.511    297.000     3.6152  30.806451    33.1592    26.3595 0.0000e+00
    900.344    296.000     3.6137  30.802226    33.1562    26.3573 0.0000e+00
    902.158    295.000     3.6103  30.795690    33.1524    26.3546 0.0000e+00
    904.313    294.000     3.6121  30.794065    33.1491    26.3518 0.0000e+00
    906.470    293.000     3.6213  30.799696    33.1470    26.3492 0.0000e+00
    908.356    292.000     3.6398  30.810051    33.1411    26.3428 0.0000e+00
    910.586    291.000     3.6564  30.819037    33.1355    26.3367 0.0000e+00
    913.311    290.000     3.6619  30.822065    33.1340    26.3350 0.0000e+00
    915.477    289.000     3.6646  30.823770    33.1338    26.3346 0.0000e+00
    917.672    288.000     3.6691  30.826610    33.1332    26.3336 0.0000e+00
    920.069    287.000     3.6709  30.827382    33.1328    26.3332 0.0000e+00
    922.288    286.000     3.6722  30.828013    33.1327    26.3330 0.0000e+00
    924.513    285.000     3.6761  30.830096    33.1318    26.3319 0.0000e+00
    926.515    284.000     3.6790  30.831582    33.1311    26.3311 0.0000e+00
    928.440    283.000     3.6830  30.833848    33.1303    26.3300 0.0000e+00
    930.426    282.000     3.6880  30.836658    33.1291    26.3286 0.0000e+00
    932.341    281.000     3.6929  30.839590    33.1281    26.3273 0.0000e+00
    934.452    280.000     3.7012  30.845488    33.1272    26.3258 0.0000e+00
    936.561    279.000     3.7206  30.860470    33.1259    26.3229 0.0000e+00
    938.787    278.000     3.7309  30.867790    33.1247    26.3209 0.0000e+00
    941.514    277.000     3.7360  30.871414    33.1243    26.3202 0.0000e+00
    944.145    276.000     3.7452  30.877933    33.1233    26.3184 0.0000e+00
    946.916    275.000     3.7553  30.885264    33.1223    26.3167 0.0000e+00
    949.333    274.000     3.7739  30.900271    33.1218    26.3145 0.0000e+00
    951.654    273.000     3.7956  30.917358    33.1206    26.3114 0.0000e+00
    953.983    272.000     3.7932  30.912888    33.1183    26.3098 0.0000e+00
    956.457    271.000     3.7911  30.909870    33.1173    26.3092 0.0000e+00
    958.722    270.000     3.7927  30.910103    33.1165    26.3084 0.0000e+00
    961.050    269.000     3.7975  30.913375    33.1160    26.3076 0.0000e+00
    963.525    268.000     3.8015  30.915544    33.1151    26.3065 0.0000e+00
    965.837    267.000     3.8062  30.918909    33.1148    26.3058 0.0000e+00
    968.288    266.000     3.8107  30.922193    33.1147    26.3052 0.0000e+00
    970.833    265.000     3.8187  30.928456    33.1145    26.3043 0.0000e+00
    973.386    264.000     3.8415  30.947400    33.1145    26.3020 0.0000e+00
    975.734    263.000     3.8635  30.966221    33.1150    26.3003 0.0000e+00
    978.438    262.000     3.8677  30.969606    33.1153    26.3002 0.0000e+00
    981.045    261.000     3.8696  30.970912    33.1154    26.3001 0.0000e+00
    983.495    260.000     3.8803  30.980316    33.1163    26.2997 0.0000e+00
    986.060    259.000     3.8837  30.982670    33.1162    26.2993 0.0000e+00
    989.062    258.000     3.8919  30.989486    33.1164    26.2987 0.0000e+00
    991.473    257.000     3.9054  31.001111    33.1171    26.2979 0.0000e+00
    994.345    256.000     3.9153  31.009863    33.1179    26.2976 0.0000e+00
    997.052    255.000     3.9145  31.008015    33.1171    26.2970 0.0000e+00
    999.666    254.000     3.9110  31.003758    33.1161    26.2965 0.0000e+00
   1002.222    253.000     3.9145  31.006485    33.1163    26.2964 0.0000e+00
   1005.011    252.000     3.9202  31.011358    33.1168    26.2962 0.0000e+00
   1007.393    251.000     3.9184  31.008278    33.1155    26.2953 0.0000e+00
   1010.104    250.000     3.9196  31.008278    33.1148    26.2947 0.0000e+00
   1013.045    249.000     3.9260  31.012964    33.1144    26.2937 0.0000e+00
   1015.767    248.000     3.9347  31.019449    33.1138    26.2924 0.0000e+00
   1018.900    247.000     3.9417  31.024225    33.1129    26.2910 0.0000e+00
   1022.227    246.000     3.9495  31.030757    33.1133    26.2905 0.0000e+00
   1025.623    245.000     3.9627  31.041187    33.1128    26.2888 0.0000e+00
   1029.234    244.000     3.9739  31.049537    33.1119    26.2869 0.0000e+00
   1032.465    243.000     3.9832  31.055893    33.1105    26.2849 0.0000e+00
   1035.653    242.000     3.9841  31.055679    33.1099    26.2843 0.0000e+00
   1038.799    241.000     3.9835  31.054457    33.1095    26.2841 0.0000e+00
   1042.242    240.000     3.9839  31.054551    33.1098    26.2843 0.0000e+00
   1045.516    239.000     3.9814  31.051707    33.1095    26.2843 0.0000e+00
   1049.012    238.000     3.9766  31.046584    33.1088    26.2842 0.0000e+00
   1052.346    237.000     3.9724  31.041685    33.1077    26.2838 0.0000e+00
   1055.483    236.000     3.9683  31.036335    33.1061    26.2829 0.0000e+00
   1059.328    235.000     3.9675  31.034525    33.1053    26.2823 0.0000e+00
   1062.613    234.000     3.9722  31.036529    33.1034    26.2804 0.0000e+00
   1065.827    233.000     3.9789  31.040222    33.1015    26.2782 0.0000e+00
   1069.517    232.000     3.9798  31.040179    33.1011    26.2778 0.0000e+00
   1073.102    231.000     3.9812  31.040424    33.1005    26.2771 0.0000e+00
   1076.635    230.000     3.9860  31.041381    33.0973    26.2741 0.0000e+00
   1080.026    229.000     3.9745  31.023140    33.0879    26.2678 0.0000e+00
   1083.579    228.000     3.9237  30.967935    33.0744    26.2621 0.0000e+00
   1086.965    227.000     3.9153  30.959006    33.0728    26.2617 0.0000e+00
   1090.666    226.000     3.9075  30.949862    33.0704    26.2605 0.0000e+00
   1094.559    225.000     3.9028  30.944027    33.0688    26.2597 0.0000e+00
   1098.411    224.000     3.9019  30.941679    33.0674    26.2587 0.0000e+00
   1102.662    223.000     3.9024  30.939563    33.0649    26.2567 0.0000e+00
   1106.857    222.000     3.9024  30.938080    33.0637    26.2557 0.0000e+00
   1111.137    221.000     3.9018  30.935889    33.0622    26.2546 0.0000e+00
   1115.303    220.000     3.9038  30.935471    33.0602    26.2528 0.0000e+00
   1119.798    219.000     3.9102  30.939466    33.0590    26.2512 0.0000e+00
   1123.718    218.000     3.9112  30.938998    33.0580    26.2503 0.0000e+00
   1127.962    217.000     3.9150  30.940883    33.0569    26.2490 0.0000e+00
   1131.857    216.000     3.9167  30.941551    33.0565    26.2485 0.0000e+00
   1135.920    215.000     3.9164  30.940255    33.0558    26.2480 0.0000e+00
   1140.132    214.000     3.9149  30.937870    33.0550    26.2475 0.0000e+00
   1143.878    213.000     3.9156  30.936725    33.0534    26.2462 0.0000e+00
   1148.242    212.000     3.9148  30.934794    33.0525    26.2455 0.0000e+00
   1152.115    211.000     3.9124  30.931036    33.0510    26.2446 0.0000e+00
   1156.231    210.000     3.9114  30.929005    33.0501    26.2440 0.0000e+00
   1160.639    209.000     3.9138  30.925479    33.0440    26.2389 0.0000e+00
   1164.399    208.000     3.9214  30.932690    33.0454    26.2393 0.0000e+00
   1168.940    207.000     3.9262  30.936303    33.0453    26.2388 0.0000e+00
   1173.054    206.000     3.9273  30.936622    33.0451    26.2385 0.0000e+00
   1177.538    205.000     3.9275  30.935669    33.0443    26.2378 0.0000e+00
   1182.214    204.000     3.9306  30.936813    33.0431    26.2365 0.0000e+00
   1186.549    203.000     3.9389  30.942250    33.0417    26.2346 0.0000e+00
   1191.640    202.000     3.9432  30.944684    33.0407    26.2334 0.0000e+00
   1196.111    201.000     3.9472  30.947190    33.0402    26.2325 0.0000e+00
   1201.185    200.000     3.9521  30.950131    33.0392    26.2313 0.0000e+00
   1205.975    199.000     3.9550  30.951609    33.0386    26.2305 0.0000e+00
   1210.731    198.000     3.9573  30.952743    33.0381    26.2299 0.0000e+00
