data/seacat/current/bon047.cnv
* Sea-Bird SBE 19plus Data File:
* FileName = C:\Sea-Bird Data\2014\DY1405\Casts\BON047.hex
* Software Version Seasave V 7.22.3
* Temperature SN = 4530
* Conductivity SN = 4530
* System UpLoad Time = May 16 2014 08:13:56
* Real-Time Sample Interval = 0.2500 seconds
* System UTC = May 16 2014 08:13:56
# nquan = 7                                 
# nvalues = 609                         
# units = specified
# name 0 = timeS: Time, Elapsed [seconds]
# name 1 = prdM: Pressure, Strain Gauge [db]
# name 2 = tv290C: Temperature [ITS-90, deg C]
# name 3 = c0mS/cm: Conductivity [mS/cm]
# name 4 = sal00: Salinity, Practical [PSU]
# name 5 = sigma-t00: Density [sigma-t, Kg/m^3 ]
# name 6 = flag: flag
# span 0 =    562.720,   2360.662       
# span 1 =      1.000,    305.000       
# span 2 =     3.5690,     6.6865       
# span 3 =  27.899866,  32.869729       
# span 4 =    27.5407,    33.6907       
# span 5 =    21.6299,    26.7564       
# span 6 = 0.0000e+00, 0.0000e+00       
# interval = decibars: 1                
# start_time = May 16 2014 08:13:56 [System UTC, header]
# bad_flag = -9.990e-29
*END*
    562.720      1.000     6.3099  27.899866    27.5407    21.6299 0.0000e+00
    565.761      2.000     6.5290  32.331767    32.2031    25.2774 0.0000e+00
    570.836      3.000     6.5212  32.404376    32.2901    25.3470 0.0000e+00
    574.889      4.000     6.5013  32.303395    32.1970    25.2760 0.0000e+00
    576.641      5.000     6.4669  32.262061    32.1833    25.2696 0.0000e+00
    578.484      6.000     6.4391  32.240461    32.1852    25.2746 0.0000e+00
    580.291      7.000     6.4474  32.287638    32.2290    25.3081 0.0000e+00
    582.147      8.000     6.4173  32.227343    32.1903    25.2814 0.0000e+00
    584.106      9.000     6.3379  32.250979    32.2911    25.3709 0.0000e+00
    585.991     10.000     6.2890  32.249025    32.3349    25.4116 0.0000e+00
    587.967     11.000     6.2606  32.205179    32.3127    25.3976 0.0000e+00
    590.089     12.000     6.2384  32.177327    32.3024    25.3922 0.0000e+00
    592.203     13.000     6.1779  32.173119    32.3548    25.4410 0.0000e+00
    594.328     14.000     6.0857  32.180738    32.4508    25.5282 0.0000e+00
    596.330     15.000     5.9103  32.239643    32.6851    25.7347 0.0000e+00
    598.335     16.000     5.7884  32.235924    32.7986    25.8391 0.0000e+00
    600.383     17.000     5.6429  32.171656    32.8673    25.9108 0.0000e+00
    602.388     18.000     5.0480  31.534247    32.7227    25.8647 0.0000e+00
    604.315     19.000     4.8475  31.322115    32.6749    25.8490 0.0000e+00
    606.076     20.000     4.8324  31.308364    32.6734    25.8494 0.0000e+00
    607.893     21.000     4.8194  31.296253    32.6717    25.8495 0.0000e+00
    609.854     22.000     4.8138  31.290773    32.6704    25.8490 0.0000e+00
    611.777     23.000     4.8091  31.285309    32.6682    25.8478 0.0000e+00
    613.619     24.000     4.8020  31.280798    32.6694    25.8496 0.0000e+00
    615.488     25.000     4.8005  31.281454    32.6712    25.8511 0.0000e+00
    617.367     26.000     4.8111  31.294870    32.6757    25.8536 0.0000e+00
    619.210     27.000     4.8101  31.297297    32.6790    25.8563 0.0000e+00
    621.005     28.000     4.7984  31.288566    32.6799    25.8583 0.0000e+00
    622.852     29.000     4.7855  31.278110    32.6800    25.8598 0.0000e+00
    624.764     30.000     4.7663  31.262885    32.6808    25.8625 0.0000e+00
    626.648     31.000     4.7489  31.250650    32.6833    25.8663 0.0000e+00
    628.556     32.000     4.7304  31.237084    32.6853    25.8699 0.0000e+00
    630.398     33.000     4.7141  31.225165    32.6871    25.8730 0.0000e+00
    632.265     34.000     4.7031  31.217940    32.6891    25.8758 0.0000e+00
    634.150     35.000     4.6962  31.213544    32.6903    25.8775 0.0000e+00
    636.093     36.000     4.6894  31.209076    32.6913    25.8790 0.0000e+00
    638.039     37.000     4.6784  31.201617    32.6930    25.8815 0.0000e+00
    639.899     38.000     4.6688  31.196020    32.6955    25.8845 0.0000e+00
    641.838     39.000     4.6562  31.189457    32.6998    25.8893 0.0000e+00
    643.751     40.000     4.6361  31.178285    32.7062    25.8965 0.0000e+00
    645.747     41.000     4.6187  31.168217    32.7112    25.9023 0.0000e+00
    647.653     42.000     4.6028  31.157329    32.7137    25.9060 0.0000e+00
    649.585     43.000     4.5850  31.143892    32.7152    25.9091 0.0000e+00
    651.537     44.000     4.5768  31.138041    32.7160    25.9106 0.0000e+00
    653.504     45.000     4.5709  31.134860    32.7176    25.9125 0.0000e+00
    655.424     46.000     4.5645  31.131599    32.7196    25.9148 0.0000e+00
    657.413     47.000     4.5493  31.122834    32.7240    25.9198 0.0000e+00
    659.380     48.000     4.5200  31.103160    32.7296    25.9274 0.0000e+00
    661.361     49.000     4.4960  31.088639    32.7359    25.9349 0.0000e+00
    663.332     50.000     4.4599  31.067293    32.7463    25.9470 0.0000e+00
    665.272     51.000     4.3688  31.012963    32.7729    25.9775 0.0000e+00
    667.328     52.000     4.3002  30.972799    32.7936    26.0010 0.0000e+00
    669.377     53.000     4.2634  30.950851    32.8041    26.0131 0.0000e+00
    671.422     54.000     4.2489  30.942121    32.8078    26.0175 0.0000e+00
    673.408     55.000     4.2210  30.925256    32.8153    26.0263 0.0000e+00
    675.469     56.000     4.1940  30.909216    32.8229    26.0351 0.0000e+00
    677.793     57.000     4.1736  30.897100    32.8285    26.0416 0.0000e+00
    679.894     58.000     4.1613  30.890025    32.8320    26.0456 0.0000e+00
    681.924     59.000     4.1514  30.884233    32.8345    26.0487 0.0000e+00
    684.169     60.000     4.1385  30.877225    32.8387    26.0533 0.0000e+00
    686.477     61.000     4.0992  30.854161    32.8503    26.0665 0.0000e+00
    688.711     62.000     4.0775  30.841873    32.8571    26.0740 0.0000e+00
    690.974     63.000     4.0204  30.810654    32.8770    26.0955 0.0000e+00
    693.165     64.000     3.9413  30.767873    32.9053    26.1259 0.0000e+00
    695.371     65.000     3.9096  30.751634    32.9175    26.1387 0.0000e+00
    697.730     66.000     3.8788  30.736437    32.9300    26.1516 0.0000e+00
    700.070     67.000     3.8503  30.721938    32.9410    26.1632 0.0000e+00
    702.240     68.000     3.8413  30.717185    32.9439    26.1664 0.0000e+00
    704.526     69.000     3.8351  30.714233    32.9461    26.1687 0.0000e+00
    707.012     70.000     3.8296  30.712211    32.9487    26.1714 0.0000e+00
    709.298     71.000     3.8275  30.712070    32.9502    26.1727 0.0000e+00
    711.687     72.000     3.8251  30.711890    32.9518    26.1743 0.0000e+00
    714.156     73.000     3.8239  30.712076    32.9528    26.1751 0.0000e+00
    716.618     74.000     3.8178  30.710433    32.9564    26.1786 0.0000e+00
    719.135     75.000     3.7936  30.700888    32.9690    26.1910 0.0000e+00
    721.755     76.000     3.7832  30.697554    32.9750    26.1968 0.0000e+00
    724.173     77.000     3.7775  30.696291    32.9788    26.2003 0.0000e+00
    726.505     78.000     3.7724  30.695260    32.9822    26.2035 0.0000e+00
    728.974     79.000     3.7666  30.693998    32.9860    26.2071 0.0000e+00
    731.439     80.000     3.7622  30.693212    32.9890    26.2099 0.0000e+00
    733.818     81.000     3.7573  30.692657    32.9928    26.2134 0.0000e+00
    736.079     82.000     3.7526  30.692836    32.9972    26.2174 0.0000e+00
    738.315     83.000     3.7503  30.693115    32.9993    26.2193 0.0000e+00
    740.723     84.000     3.7487  30.693493    33.0009    26.2207 0.0000e+00
    742.960     85.000     3.7457  30.694099    33.0041    26.2235 0.0000e+00
    745.162     86.000     3.7426  30.694540    33.0072    26.2263 0.0000e+00
    747.298     87.000     3.7387  30.694932    33.0111    26.2298 0.0000e+00
    749.424     88.000     3.7370  30.695435    33.0129    26.2314 0.0000e+00
    751.715     89.000     3.7353  30.696204    33.0150    26.2332 0.0000e+00
    753.871     90.000     3.7328  30.697039    33.0180    26.2359 0.0000e+00
    756.030     91.000     3.7312  30.697462    33.0196    26.2373 0.0000e+00
    758.175     92.000     3.7291  30.697726    33.0215    26.2390 0.0000e+00
    760.282     93.000     3.7270  30.699461    33.0252    26.2421 0.0000e+00
    762.469     94.000     3.7242  30.702086    33.0306    26.2467 0.0000e+00
    764.521     95.000     3.7205  30.701819    33.0335    26.2494 0.0000e+00
    766.514     96.000     3.7172  30.700956    33.0353    26.2511 0.0000e+00
    768.586     97.000     3.7154  30.701129    33.0368    26.2525 0.0000e+00
    770.639     98.000     3.7133  30.701469    33.0388    26.2543 0.0000e+00
    772.613     99.000     3.7085  30.702663    33.0446    26.2593 0.0000e+00
    774.480    100.000     3.7030  30.704281    33.0516    26.2654 0.0000e+00
    776.497    101.000     3.6999  30.705398    33.0555    26.2689 0.0000e+00
    778.433    102.000     3.6978  30.706616    33.0586    26.2715 0.0000e+00
    780.395    103.000     3.6945  30.707525    33.0625    26.2749 0.0000e+00
    782.225    104.000     3.6889  30.706622    33.0665    26.2787 0.0000e+00
    784.071    105.000     3.6827  30.704952    33.0703    26.2823 0.0000e+00
    785.907    106.000     3.6759  30.702134    33.0733    26.2854 0.0000e+00
    787.781    107.000     3.6726  30.701069    33.0749    26.2869 0.0000e+00
    789.645    108.000     3.6709  30.701403    33.0765    26.2883 0.0000e+00
    791.386    109.000     3.6687  30.701319    33.0781    26.2898 0.0000e+00
    793.165    110.000     3.6648  30.700447    33.0805    26.2921 0.0000e+00
    794.871    111.000     3.6593  30.699578    33.0845    26.2958 0.0000e+00
    796.609    112.000     3.6521  30.697126    33.0884    26.2996 0.0000e+00
    798.398    113.000     3.6445  30.693748    33.0915    26.3028 0.0000e+00
    800.241    114.000     3.6401  30.692057    33.0934    26.3048 0.0000e+00
    802.114    115.000     3.6368  30.694744    33.0995    26.3099 0.0000e+00
    803.980    116.000     3.6342  30.698574    33.1062    26.3155 0.0000e+00
    805.968    117.000     3.6296  30.698161    33.1098    26.3188 0.0000e+00
    807.904    118.000     3.6252  30.696572    33.1119    26.3209 0.0000e+00
    809.781    119.000     3.6168  30.691132    33.1134    26.3229 0.0000e+00
    811.716    120.000     3.6095  30.686788    33.1151    26.3249 0.0000e+00
    813.558    121.000     3.6048  30.683879    33.1159    26.3260 0.0000e+00
    815.400    122.000     3.6006  30.681339    33.1166    26.3270 0.0000e+00
    817.224    123.000     3.5979  30.680152    33.1174    26.3279 0.0000e+00
    819.038    124.000     3.5956  30.679657    33.1186    26.3291 0.0000e+00
    820.919    125.000     3.5926  30.679691    33.1212    26.3314 0.0000e+00
    822.835    126.000     3.5916  30.681231    33.1235    26.3333 0.0000e+00
    824.678    127.000     3.5972  30.690527    33.1284    26.3367 0.0000e+00
    826.438    128.000     3.6052  30.701825    33.1332    26.3398 0.0000e+00
    828.193    129.000     3.6096  30.708053    33.1356    26.3413 0.0000e+00
    830.024    130.000     3.6104  30.711558    33.1385    26.3435 0.0000e+00
    831.836    131.000     3.6098  30.714179    33.1417    26.3461 0.0000e+00
    833.667    132.000     3.6073  30.715066    33.1448    26.3488 0.0000e+00
    835.426    133.000     3.6040  30.715455    33.1481    26.3517 0.0000e+00
    837.172    134.000     3.6033  30.717747    33.1510    26.3541 0.0000e+00
    838.896    135.000     3.6027  30.718779    33.1523    26.3552 0.0000e+00
    840.611    136.000     3.6019  30.719922    33.1540    26.3566 0.0000e+00
    842.331    137.000     3.6019  30.722588    33.1566    26.3587 0.0000e+00
    844.171    138.000     3.6014  30.725541    33.1601    26.3616 0.0000e+00
    846.022    139.000     3.6009  30.727721    33.1627    26.3637 0.0000e+00
    847.883    140.000     3.6015  30.730146    33.1645    26.3650 0.0000e+00
    849.865    141.000     3.6055  30.735480    33.1662    26.3660 0.0000e+00
    851.922    142.000     3.6074  30.742942    33.1727    26.3710 0.0000e+00
    853.892    143.000     3.5888  30.728545    33.1739    26.3737 0.0000e+00
    855.922    144.000     3.6045  30.750120    33.1831    26.3796 0.0000e+00
    858.040    145.000     3.6206  30.769373    33.1892    26.3829 0.0000e+00
    859.863    146.000     3.6203  30.772239    33.1924    26.3855 0.0000e+00
    861.745    147.000     3.6158  30.771085    33.1951    26.3880 0.0000e+00
    863.679    148.000     3.6175  30.776432    33.1992    26.3911 0.0000e+00
    865.458    149.000     3.6245  30.786903    33.2040    26.3943 0.0000e+00
    867.315    150.000     3.6263  30.793121    33.2091    26.3982 0.0000e+00
    869.263    151.000     3.6208  30.792128    33.2130    26.4018 0.0000e+00
    871.095    152.000     3.6278  30.802167    33.2173    26.4046 0.0000e+00
    872.877    153.000     3.6325  30.808060    33.2190    26.4055 0.0000e+00
    874.696    154.000     3.6365  30.813854    33.2213    26.4070 0.0000e+00
    876.634    155.000     3.6505  30.830081    33.2259    26.4092 0.0000e+00
    878.579    156.000     3.6617  30.843123    33.2295    26.4110 0.0000e+00
    880.386    157.000     3.6672  30.850256    33.2319    26.4124 0.0000e+00
    882.291    158.000     3.6771  30.863767    33.2374    26.4158 0.0000e+00
    884.326    159.000     3.6871  30.877110    33.2426    26.4190 0.0000e+00
    886.244    160.000     3.6931  30.886155    33.2467    26.4217 0.0000e+00
    888.111    161.000     3.6961  30.891971    33.2500    26.4241 0.0000e+00
    890.135    162.000     3.6967  30.893824    33.2511    26.4249 0.0000e+00
    892.093    163.000     3.7002  30.900598    33.2551    26.4277 0.0000e+00
    894.049    164.000     3.7063  30.910877    33.2606    26.4315 0.0000e+00
    895.959    165.000     3.7098  30.916200    33.2628    26.4329 0.0000e+00
    897.872    166.000     3.7141  30.923001    33.2660    26.4351 0.0000e+00
    899.876    167.000     3.7221  30.935481    33.2722    26.4392 0.0000e+00
    901.808    168.000     3.7362  30.956349    33.2821    26.4458 0.0000e+00
    903.715    169.000     3.7508  30.976405    33.2906    26.4511 0.0000e+00
    905.654    170.000     3.7613  30.994915    33.3014    26.4586 0.0000e+00
    907.663    171.000     3.7667  31.006445    33.3091    26.4642 0.0000e+00
    909.571    172.000     3.7688  31.014647    33.3162    26.4697 0.0000e+00
    911.532    173.000     3.7686  31.020941    33.3233    26.4754 0.0000e+00
    913.593    174.000     3.7717  31.027981    33.3280    26.4788 0.0000e+00
    915.594    175.000     3.7778  31.039501    33.3350    26.4837 0.0000e+00
    917.470    176.000     3.7836  31.049682    33.3406    26.4877 0.0000e+00
    919.448    177.000     3.7913  31.064045    33.3493    26.4938 0.0000e+00
    921.481    178.000     3.7975  31.077120    33.3580    26.5001 0.0000e+00
    923.491    179.000     3.8046  31.091773    33.3676    26.5071 0.0000e+00
    925.498    180.000     3.8119  31.105718    33.3762    26.5132 0.0000e+00
    927.491    181.000     3.8165  31.114778    33.3818    26.5172 0.0000e+00
    929.566    182.000     3.8178  31.117637    33.3833    26.5183 0.0000e+00
    931.577    183.000     3.8185  31.119285    33.3840    26.5188 0.0000e+00
    933.461    184.000     3.8197  31.122157    33.3857    26.5200 0.0000e+00
    935.387    185.000     3.8230  31.129915    33.3910    26.5239 0.0000e+00
    937.472    186.000     3.8268  31.139249    33.3977    26.5289 0.0000e+00
    939.519    187.000     3.8286  31.144184    33.4012    26.5315 0.0000e+00
    941.397    188.000     3.8308  31.149433    33.4046    26.5340 0.0000e+00
    943.303    189.000     3.8344  31.157492    33.4100    26.5379 0.0000e+00
    945.350    190.000     3.8362  31.161516    33.4124    26.5397 0.0000e+00
    947.429    191.000     3.8382  31.165971    33.4151    26.5416 0.0000e+00
    949.354    192.000     3.8393  31.168683    33.4167    26.5428 0.0000e+00
    951.228    193.000     3.8398  31.170141    33.4174    26.5433 0.0000e+00
    953.083    194.000     3.8402  31.171316    33.4179    26.5436 0.0000e+00
    954.866    195.000     3.8404  31.172102    33.4181    26.5437 0.0000e+00
    956.695    196.000     3.8410  31.173751    33.4189    26.5443 0.0000e+00
    958.472    197.000     3.8427  31.177830    33.4215    26.5462 0.0000e+00
    960.295    198.000     3.8452  31.183507    33.4251    26.5489 0.0000e+00
    962.049    199.000     3.8460  31.185507    33.4262    26.5496 0.0000e+00
    963.767    200.000     3.8470  31.187575    33.4271    26.5502 0.0000e+00
    965.601    201.000     3.8489  31.192146    33.4300    26.5524 0.0000e+00
    967.494    202.000     3.8512  31.197241    33.4332    26.5547 0.0000e+00
    969.338    203.000     3.8558  31.207363    33.4400    26.5597 0.0000e+00
    971.234    204.000     3.8611  31.219428    33.4484    26.5658 0.0000e+00
    973.264    205.000     3.8650  31.229175    33.4554    26.5710 0.0000e+00
