data/seacat/current/bon002.cnv
* Sea-Bird SBE 19plus Data File:
* FileName = C:\Sea-Bird Data\2014\DY1405\Casts\BON002.hex
* Software Version Seasave V 7.22.3
* Temperature SN = 4530
* Conductivity SN = 4530
* System UpLoad Time = May 07 2014 13:20:49
* Real-Time Sample Interval = 0.2500 seconds
* System UTC = May 07 2014 13:20:49
# nquan = 7                                 
# nvalues = 609                         
# units = specified
# name 0 = timeS: Time, Elapsed [seconds]
# name 1 = prdM: Pressure, Strain Gauge [db]
# name 2 = tv290C: Temperature [ITS-90, deg C]
# name 3 = c0mS/cm: Conductivity [mS/cm]
# name 4 = sal00: Salinity, Practical [PSU]
# name 5 = sigma-t00: Density [sigma-t, Kg/m^3 ]
# name 6 = flag: flag
# span 0 =    370.243,   2127.792       
# span 1 =      1.000,    305.000       
# span 2 =     3.5588,     4.6387       
# span 3 =  28.060646,  31.166803       
# span 4 =    29.2381,    33.3028       
# span 5 =    23.1583,    26.4541       
# span 6 = 0.0000e+00, 0.0000e+00       
# interval = decibars: 1                
# start_time = May 07 2014 13:20:49 [System UTC, header]
# bad_flag = -9.990e-29
*END*
[from data line 206]
    779.089    207.000     3.8414  30.876155    33.0597    26.2585 0.0000e+00
    780.380    208.000     3.8406  30.876207    33.0601    26.2589 0.0000e+00
    781.949    209.000     3.8399  30.876129    33.0602    26.2590 0.0000e+00
    784.329    210.000     3.8399  30.876595    33.0602    26.2590 0.0000e+00
    786.545    211.000     3.8390  30.876694    33.0607    26.2595 0.0000e+00
    787.905    212.000     3.8372  30.876199    33.0614    26.2603 0.0000e+00
    790.300    213.000     3.8359  30.875983    33.0620    26.2608 0.0000e+00
    792.605    214.000     3.8350  30.875930    33.0623    26.2612 0.0000e+00
    793.946    215.000     3.8329  30.875360    33.0632    26.2621 0.0000e+00
    796.507    216.000     3.8310  30.875184    33.0644    26.2633 0.0000e+00
    798.673    217.000     3.8289  30.874797    33.0655    26.2644 0.0000e+00
    800.096    218.000     3.8274  30.874575    33.0663    26.2651 0.0000e+00
    802.320    219.000     3.8269  30.874809    33.0665    26.2654 0.0000e+00
    804.618    220.000     3.8260  30.874883    33.0670    26.2658 0.0000e+00
    806.084    221.000     3.8224  30.873555    33.0686    26.2674 0.0000e+00
    808.066    222.000     3.8180  30.871755    33.0704    26.2693 0.0000e+00
    810.291    223.000     3.8118  30.869491    33.0734    26.2723 0.0000e+00
    812.075    224.000     3.8026  30.865712    33.0777    26.2766 0.0000e+00
    813.761    225.000     3.7938  30.861972    33.0817    26.2806 0.0000e+00
    815.734    226.000     3.7857  30.858257    33.0849    26.2840 0.0000e+00
    818.068    227.000     3.7814  30.856612    33.0868    26.2859 0.0000e+00
    819.663    228.000     3.7738  30.852776    33.0894    26.2887 0.0000e+00
    821.061    229.000     3.7637  30.846501    33.0917    26.2915 0.0000e+00
    823.326    230.000     3.7571  30.842589    33.0932    26.2933 0.0000e+00
    825.584    231.000     3.7488  30.838644    33.0964    26.2967 0.0000e+00
    826.902    232.000     3.7398  30.834852    33.1005    26.3008 0.0000e+00
    828.419    233.000     3.7332  30.831779    33.1030    26.3034 0.0000e+00
    830.830    234.000     3.7239  30.826868    33.1060    26.3068 0.0000e+00
    832.746    235.000     3.7103  30.819472    33.1105    26.3116 0.0000e+00
    834.105    236.000     3.7006  30.813159    33.1123    26.3140 0.0000e+00
    835.511    237.000     3.6947  30.809578    33.1135    26.3155 0.0000e+00
    837.903    238.000     3.6905  30.806885    33.1140    26.3164 0.0000e+00
    840.226    239.000     3.6842  30.802999    33.1153    26.3180 0.0000e+00
    841.391    240.000     3.6741  30.796516    33.1173    26.3205 0.0000e+00
    842.795    241.000     3.6669  30.792751    33.1196    26.3230 0.0000e+00
    845.353    242.000     3.6625  30.790862    33.1213    26.3248 0.0000e+00
    847.191    243.000     3.6598  30.789893    33.1224    26.3259 0.0000e+00
    848.581    244.000     3.6574  30.789070    33.1233    26.3269 0.0000e+00
    850.436    245.000     3.6555  30.788375    33.1239    26.3275 0.0000e+00
    852.496    246.000     3.6526  30.786998    33.1246    26.3284 0.0000e+00
    854.187    247.000     3.6484  30.784593    33.1255    26.3295 0.0000e+00
    856.096    248.000     3.6395  30.778995    33.1274    26.3319 0.0000e+00
    857.969    249.000     3.6245  30.771427    33.1331    26.3378 0.0000e+00
    859.643    250.000     3.6109  30.762795    33.1361    26.3415 0.0000e+00
    861.750    251.000     3.6016  30.756449    33.1374    26.3435 0.0000e+00
    863.670    252.000     3.5931  30.751526    33.1397    26.3461 0.0000e+00
    865.117    253.000     3.5818  30.743243    33.1407    26.3480 0.0000e+00
    866.693    254.000     3.5791  30.742781    33.1424    26.3496 0.0000e+00
    868.967    255.000     3.5777  30.743352    33.1440    26.3510 0.0000e+00
    870.684    256.000     3.5786  30.744755    33.1442    26.3511 0.0000e+00
    872.219    257.000     3.5827  30.750313    33.1462    26.3522 0.0000e+00
    874.259    258.000     3.5869  30.755515    33.1476    26.3530 0.0000e+00
    875.921    259.000     3.5886  30.758406    33.1488    26.3537 0.0000e+00
    877.552    260.000     3.5845  30.757518    33.1514    26.3562 0.0000e+00
    880.052    261.000     3.5812  30.759842    33.1570    26.3610 0.0000e+00
    881.638    262.000     3.5801  30.763424    33.1618    26.3650 0.0000e+00
    882.878    263.000     3.5766  30.764465    33.1661    26.3687 0.0000e+00
    884.758    264.000     3.5669  30.757672    33.1674    26.3706 0.0000e+00
    887.001    265.000     3.5779  30.769601    33.1699    26.3716 0.0000e+00
    888.554    266.000     3.6080  30.802014    33.1774    26.3747 0.0000e+00
    890.272    267.000     3.6376  30.834805    33.1859    26.3786 0.0000e+00
    892.207    268.000     3.6631  30.867165    33.1980    26.3858 0.0000e+00
    893.659    269.000     3.6718  30.880628    33.2046    26.3903 0.0000e+00
    895.353    270.000     3.6766  30.889277    33.2095    26.3937 0.0000e+00
    897.851    271.000     3.6783  30.892361    33.2109    26.3947 0.0000e+00
    899.231    272.000     3.6807  30.896021    33.2123    26.3955 0.0000e+00
    900.436    273.000     3.6825  30.899104    33.2137    26.3964 0.0000e+00
    902.183    274.000     3.6844  30.901792    33.2144    26.3968 0.0000e+00
    904.495    275.000     3.6891  30.907676    33.2161    26.3977 0.0000e+00
    906.104    276.000     3.6966  30.917015    33.2191    26.3994 0.0000e+00
    907.537    277.000     3.7012  30.922950    33.2209    26.4004 0.0000e+00
    909.038    278.000     3.7076  30.930752    33.2232    26.4016 0.0000e+00
    910.958    279.000     3.7239  30.951556    33.2308    26.4061 0.0000e+00
    913.106    280.000     3.7441  30.976909    33.2399    26.4114 0.0000e+00
    914.608    281.000     3.7612  31.000654    33.2502    26.4179 0.0000e+00
    915.926    282.000     3.7653  31.006476    33.2524    26.4193 0.0000e+00
    917.867    283.000     3.7664  31.008379    33.2531    26.4197 0.0000e+00
    919.966    284.000     3.7690  31.012500    33.2548    26.4208 0.0000e+00
    921.369    285.000     3.7714  31.016002    33.2560    26.4215 0.0000e+00
    923.014    286.000     3.7736  31.019430    33.2573    26.4223 0.0000e+00
    924.957    287.000     3.7755  31.022302    33.2583    26.4229 0.0000e+00
    926.449    288.000     3.7770  31.024898    33.2593    26.4236 0.0000e+00
    928.011    289.000     3.7778  31.026362    33.2597    26.4238 0.0000e+00
    929.857    290.000     3.7781  31.027089    33.2597    26.4238 0.0000e+00
    931.839    291.000     3.7792  31.028748    33.2601    26.4240 0.0000e+00
    933.348    292.000     3.7834  31.035519    33.2633    26.4262 0.0000e+00
    934.669    293.000     3.7848  31.038128    33.2645    26.4270 0.0000e+00
    936.336    294.000     3.7864  31.040861    33.2656    26.4277 0.0000e+00
    938.712    295.000     3.7889  31.045092    33.2675    26.4290 0.0000e+00
    940.387    296.000     3.7920  31.049663    33.2693    26.4301 0.0000e+00
    941.739    297.000     3.7974  31.058347    33.2736    26.4330 0.0000e+00
    943.327    298.000     3.8056  31.073179    33.2823    26.4391 0.0000e+00
    945.185    299.000     3.8129  31.087720    33.2916    26.4458 0.0000e+00
    947.323    300.000     3.8160  31.094381    33.2958    26.4489 0.0000e+00
    949.001    301.000     3.8176  31.097595    33.2975    26.4500 0.0000e+00
    950.335    302.000     3.8184  31.099890    33.2989    26.4511 0.0000e+00
    952.476    303.000     3.8191  31.102022    33.3002    26.4520 0.0000e+00
    954.634    304.000     3.8196  31.103999    33.3015    26.4530 0.0000e+00
    957.415    305.000     3.8199  31.105808    33.3028    26.4541 0.0000e+00
    964.439    304.000     3.8195  31.104217    33.3019    26.4533 0.0000e+00
    968.940    303.000     3.8191  31.102730    33.3010    26.4527 0.0000e+00
    970.615    302.000     3.8177  31.099201    33.2988    26.4511 0.0000e+00
    973.789    301.000     3.8162  31.096241    33.2973    26.4500 0.0000e+00
    975.839    300.000     3.8161  31.095261    33.2968    26.4496 0.0000e+00
    978.670    299.000     3.8135  31.089443    33.2931    26.4469 0.0000e+00
    981.547    298.000     3.8068  31.076537    33.2851    26.4412 0.0000e+00
    984.321    297.000     3.7960  31.056593    33.2729    26.4326 0.0000e+00
    987.341    296.000     3.7899  31.046874    33.2681    26.4294 0.0000e+00
    991.160    295.000     3.7867  31.041891    33.2660    26.4280 0.0000e+00
    994.709    294.000     3.7838  31.037165    33.2638    26.4265 0.0000e+00
    998.534    293.000     3.7828  31.035226    33.2631    26.4260 0.0000e+00
   1002.735    292.000     3.7804  31.031387    33.2615    26.4250 0.0000e+00
   1005.778    291.000     3.7774  31.026785    33.2596    26.4238 0.0000e+00
   1009.698    290.000     3.7732  31.020710    33.2571    26.4223 0.0000e+00
   1012.934    289.000     3.7724  31.019269    33.2568    26.4220 0.0000e+00
   1016.890    288.000     3.7696  31.015071    33.2551    26.4210 0.0000e+00
   1020.620    287.000     3.7671  31.011340    33.2538    26.4202 0.0000e+00
   1024.506    286.000     3.7668  31.010606    33.2537    26.4202 0.0000e+00
   1028.523    285.000     3.7632  31.005547    33.2519    26.4191 0.0000e+00
   1032.422    284.000     3.7604  31.001219    33.2501    26.4179 0.0000e+00
   1036.020    283.000     3.7555  30.994492    33.2476    26.4164 0.0000e+00
   1040.868    282.000     3.7395  30.973010    33.2389    26.4110 0.0000e+00
   1043.252    281.000     3.7318  30.962996    33.2353    26.4089 0.0000e+00
   1048.472    280.000     3.7202  30.948024    33.2299    26.4057 0.0000e+00
   1052.049    279.000     3.7048  30.929109    33.2235    26.4022 0.0000e+00
   1056.512    278.000     3.6981  30.920636    33.2208    26.4006 0.0000e+00
   1060.629    277.000     3.6961  30.917710    33.2199    26.4001 0.0000e+00
   1064.680    276.000     3.6917  30.911497    33.2175    26.3986 0.0000e+00
   1069.101    275.000     3.6859  30.903157    33.2140    26.3964 0.0000e+00
   1073.346    274.000     3.6834  30.898395    33.2114    26.3945 0.0000e+00
   1077.669    273.000     3.6820  30.894110    33.2082    26.3921 0.0000e+00
   1081.905    272.000     3.6794  30.886896    33.2028    26.3881 0.0000e+00
   1086.011    271.000     3.6651  30.864392    33.1911    26.3801 0.0000e+00
   1089.594    270.000     3.6461  30.842666    33.1850    26.3771 0.0000e+00
   1094.108    269.000     3.6146  30.808811    33.1772    26.3739 0.0000e+00
   1098.326    268.000     3.5924  30.785217    33.1722    26.3720 0.0000e+00
   1102.157    267.000     3.5812  30.773126    33.1697    26.3711 0.0000e+00
   1106.944    266.000     3.5619  30.751204    33.1637    26.3681 0.0000e+00
   1111.130    265.000     3.5613  30.749024    33.1622    26.3670 0.0000e+00
   1116.274    264.000     3.5588  30.744953    33.1604    26.3658 0.0000e+00
   1120.627    263.000     3.5613  30.743925    33.1572    26.3630 0.0000e+00
   1124.232    262.000     3.5624  30.742186    33.1545    26.3608 0.0000e+00
   1129.566    261.000     3.5681  30.745388    33.1530    26.3591 0.0000e+00
   1133.578    260.000     3.5847  30.756282    33.1497    26.3548 0.0000e+00
   1137.618    259.000     3.5909  30.759089    33.1473    26.3523 0.0000e+00
   1142.821    258.000     3.5924  30.758100    33.1451    26.3504 0.0000e+00
   1146.475    257.000     3.5939  30.757475    33.1433    26.3489 0.0000e+00
   1150.365    256.000     3.5988  30.760065    33.1420    26.3473 0.0000e+00
   1155.323    255.000     3.6051  30.764367    33.1412    26.3462 0.0000e+00
   1159.086    254.000     3.6089  30.766685    33.1406    26.3453 0.0000e+00
   1163.249    253.000     3.6150  30.769264    33.1380    26.3427 0.0000e+00
   1166.519    252.000     3.6164  30.769208    33.1371    26.3418 0.0000e+00
   1170.263    251.000     3.6183  30.769738    33.1363    26.3410 0.0000e+00
   1173.814    250.000     3.6253  30.773213    33.1339    26.3384 0.0000e+00
   1177.306    249.000     3.6396  30.780125    33.1281    26.3324 0.0000e+00
   1181.069    248.000     3.6489  30.784623    33.1245    26.3287 0.0000e+00
   1184.823    247.000     3.6497  30.784702    33.1243    26.3285 0.0000e+00
   1188.441    246.000     3.6510  30.784962    33.1238    26.3280 0.0000e+00
   1192.175    245.000     3.6545  30.786383    33.1225    26.3266 0.0000e+00
   1195.667    244.000     3.6576  30.787647    33.1214    26.3254 0.0000e+00
   1200.243    243.000     3.6608  30.788882    33.1201    26.3241 0.0000e+00
   1202.992    242.000     3.6738  30.795169    33.1150    26.3187 0.0000e+00
   1208.571    241.000     3.6962  30.808182    33.1082    26.3112 0.0000e+00
   1211.118    240.000     3.7153  30.820668    33.1043    26.3062 0.0000e+00
   1216.248    239.000     3.7328  30.832083    33.1006    26.3016 0.0000e+00
   1218.797    238.000     3.7392  30.835093    33.0982    26.2991 0.0000e+00
   1222.704    237.000     3.7501  30.839282    33.0927    26.2936 0.0000e+00
   1226.086    236.000     3.7503  30.838701    33.0923    26.2933 0.0000e+00
   1229.397    235.000     3.7558  30.841179    33.0902    26.2911 0.0000e+00
   1232.996    234.000     3.7620  30.844849    33.0888    26.2894 0.0000e+00
   1236.138    233.000     3.7636  30.845515    33.0885    26.2890 0.0000e+00
   1239.387    232.000     3.7654  30.846345    33.0882    26.2886 0.0000e+00
   1242.269    231.000     3.7672  30.847117    33.0878    26.2881 0.0000e+00
   1245.974    230.000     3.7698  30.848508    33.0874    26.2875 0.0000e+00
   1248.334    229.000     3.7730  30.850198    33.0866    26.2866 0.0000e+00
   1252.329    228.000     3.7817  30.855333    33.0845    26.2840 0.0000e+00
   1254.463    227.000     3.7849  30.856712    33.0834    26.2828 0.0000e+00
   1258.025    226.000     3.7943  30.861206    33.0797    26.2790 0.0000e+00
   1260.881    225.000     3.7970  30.862115    33.0786    26.2779 0.0000e+00
   1263.597    224.000     3.8033  30.864690    33.0758    26.2750 0.0000e+00
   1267.250    223.000     3.8093  30.866969    33.0730    26.2722 0.0000e+00
   1270.609    222.000     3.8137  30.868536    33.0709    26.2701 0.0000e+00
   1272.968    221.000     3.8168  30.869754    33.0697    26.2689 0.0000e+00
   1276.702    220.000     3.8186  30.870058    33.0688    26.2679 0.0000e+00
   1278.933    219.000     3.8210  30.870494    33.0674    26.2666 0.0000e+00
   1282.199    218.000     3.8250  30.871623    33.0652    26.2645 0.0000e+00
   1285.078    217.000     3.8289  30.872988    33.0634    26.2627 0.0000e+00
   1287.446    216.000     3.8319  30.874053    33.0622    26.2614 0.0000e+00
   1289.955    215.000     3.8345  30.874897    33.0610    26.2602 0.0000e+00
   1293.324    214.000     3.8378  30.876180    33.0598    26.2589 0.0000e+00
   1295.485    213.000     3.8402  30.876984    33.0588    26.2579 0.0000e+00
   1298.113    212.000     3.8427  30.877856    33.0578    26.2569 0.0000e+00
   1300.265    211.000     3.8441  30.878127    33.0573    26.2563 0.0000e+00
   1303.625    210.000     3.8464  30.878925    33.0564    26.2554 0.0000e+00
   1305.670    209.000     3.8477  30.879106    33.0558    26.2548 0.0000e+00
   1308.598    208.000     3.8491  30.879486    33.0554    26.2543 0.0000e+00
   1311.038    207.000     3.8496  30.879211    33.0551    26.2540 0.0000e+00
   1313.659    206.000     3.8503  30.879126    33.0548    26.2537 0.0000e+00
   1316.063    205.000     3.8517  30.879401    33.0542    26.2531 0.0000e+00
   1318.618    204.000     3.8541  30.880077    33.0531    26.2520 0.0000e+00
   1320.530    203.000     3.8568  30.880794    33.0518    26.2507 0.0000e+00
   1323.867    202.000     3.8607  30.882214    33.0500    26.2489 0.0000e+00
   1325.484    201.000     3.8634  30.883075    33.0488    26.2477 0.0000e+00
   1327.928    200.000     3.8703  30.886049    33.0459    26.2447 0.0000e+00
