data/seacat/current/bon050.cnv
* Sea-Bird SBE 19plus Data File:
* FileName = C:\Sea-Bird Data\2014\DY1405\Casts\BON050.hex
* Software Version Seasave V 7.22.3
* Temperature SN = 4530
* Conductivity SN = 4530
* System UpLoad Time = May 16 2014 17:56:45
* Real-Time Sample Interval = 0.2500 seconds
* System UTC = May 16 2014 17:56:45
# nquan = 7                                 
# nvalues = 607                         
# units = specified
# name 0 = timeS: Time, Elapsed [seconds]
# name 1 = prdM: Pressure, Strain Gauge [db]
# name 2 = tv290C: Temperature [ITS-90, deg C]
# name 3 = c0mS/cm: Conductivity [mS/cm]
# name 4 = sal00: Salinity, Practical [PSU]
# name 5 = sigma-t00: Density [sigma-t, Kg/m^3 ]
# name 6 = flag: flag
# span 0 =    285.528,   2077.074       
# span 1 =      1.000,    304.000       
# span 2 =     3.5896,     6.1499       
# span 3 =  28.142869,  32.052722       
# span 4 =    28.1173,    33.1792       
# span 5 =    22.1267,    26.3773       
# span 6 = 0.0000e+00, 0.0000e+00       
# interval = decibars: 1                
# start_time = May 16 2014 17:56:45 [System UTC, header]
# bad_flag = -9.990e-29
*END*
[from data line 411]
   1220.596    196.000     3.9714  30.960932    33.0346    26.2257 0.0000e+00
   1225.212    195.000     3.9888  30.975265    33.0345    26.2239 0.0000e+00
   1229.884    194.000     3.9915  30.977628    33.0351    26.2241 0.0000e+00
   1234.716    193.000     3.9941  30.979629    33.0354    26.2241 0.0000e+00
   1239.098    192.000     3.9952  30.980088    33.0353    26.2239 0.0000e+00
   1243.722    191.000     4.0033  30.987016    33.0359    26.2236 0.0000e+00
   1248.049    190.000     4.0086  30.991425    33.0362    26.2233 0.0000e+00
   1252.537    189.000     4.0180  30.998994    33.0362    26.2224 0.0000e+00
   1256.673    188.000     4.0232  31.002657    33.0358    26.2216 0.0000e+00
   1260.884    187.000     4.0269  31.005064    33.0355    26.2209 0.0000e+00
   1264.640    186.000     4.0282  31.005037    33.0346    26.2201 0.0000e+00
   1268.853    185.000     4.0294  31.005122    33.0341    26.2195 0.0000e+00
   1272.420    184.000     4.0318  31.006299    33.0335    26.2189 0.0000e+00
   1276.025    183.000     4.0342  31.007822    33.0334    26.2186 0.0000e+00
   1279.638    182.000     4.0352  31.008204    33.0334    26.2184 0.0000e+00
   1283.262    181.000     4.0427  31.012001    33.0309    26.2156 0.0000e+00
   1286.935    180.000     4.0544  31.016497    33.0249    26.2097 0.0000e+00
   1290.672    179.000     4.0606  31.019301    33.0225    26.2072 0.0000e+00
   1294.420    178.000     4.0664  31.022610    33.0211    26.2055 0.0000e+00
   1298.643    177.000     4.0703  31.024418    33.0198    26.2041 0.0000e+00
   1302.485    176.000     4.0759  31.027087    33.0178    26.2020 0.0000e+00
   1306.382    175.000     4.0797  31.028940    33.0167    26.2007 0.0000e+00
   1309.801    174.000     4.0797  31.028355    33.0165    26.2006 0.0000e+00
   1313.405    173.000     4.0794  31.027711    33.0166    26.2006 0.0000e+00
   1316.912    172.000     4.0812  31.028428    33.0162    26.2001 0.0000e+00
   1320.477    171.000     4.0845  31.030226    33.0155    26.1992 0.0000e+00
   1323.857    170.000     4.0883  31.032293    33.0146    26.1981 0.0000e+00
   1327.335    169.000     4.0908  31.033832    33.0144    26.1977 0.0000e+00
   1331.060    168.000     4.0926  31.034440    33.0138    26.1971 0.0000e+00
   1334.575    167.000     4.0969  31.036692    33.0127    26.1958 0.0000e+00
   1338.600    166.000     4.1032  31.040980    33.0119    26.1945 0.0000e+00
   1342.092    165.000     4.1041  31.040950    33.0115    26.1941 0.0000e+00
   1345.732    164.000     4.1048  31.041075    33.0115    26.1940 0.0000e+00
   1349.409    163.000     4.1049  31.040711    33.0115    26.1940 0.0000e+00
   1352.779    162.000     4.1048  31.040234    33.0115    26.1940 0.0000e+00
   1356.075    161.000     4.1044  31.039651    33.0117    26.1943 0.0000e+00
   1359.478    160.000     4.1048  31.039402    33.0116    26.1941 0.0000e+00
   1362.946    159.000     4.1075  31.040569    33.0107    26.1931 0.0000e+00
   1366.433    158.000     4.1097  31.040663    33.0092    26.1917 0.0000e+00
   1370.392    157.000     4.1145  31.042147    33.0066    26.1891 0.0000e+00
   1374.533    156.000     4.1152  31.042240    33.0065    26.1890 0.0000e+00
   1378.248    155.000     4.1131  31.040646    33.0073    26.1898 0.0000e+00
   1382.201    154.000     4.1118  31.039313    33.0075    26.1902 0.0000e+00
   1385.473    153.000     4.1137  31.039931    33.0069    26.1894 0.0000e+00
   1389.131    152.000     4.1171  31.040627    33.0048    26.1874 0.0000e+00
   1392.474    151.000     4.1170  31.039857    33.0045    26.1872 0.0000e+00
   1396.150    150.000     4.1168  31.039064    33.0043    26.1871 0.0000e+00
   1399.436    149.000     4.1168  31.037597    33.0031    26.1861 0.0000e+00
   1403.353    148.000     4.1202  31.037744    33.0003    26.1836 0.0000e+00
   1407.364    147.000     4.1234  31.038698    32.9988    26.1820 0.0000e+00
   1411.614    146.000     4.1240  31.038603    32.9986    26.1818 0.0000e+00
   1416.379    145.000     4.1246  31.038471    32.9983    26.1816 0.0000e+00
   1420.803    144.000     4.1249  31.038063    32.9981    26.1813 0.0000e+00
   1425.265    143.000     4.1245  31.036908    32.9976    26.1810 0.0000e+00
   1429.689    142.000     4.1225  31.033103    32.9957    26.1797 0.0000e+00
   1434.052    141.000     4.1236  31.031321    32.9930    26.1774 0.0000e+00
   1438.813    140.000     4.1247  31.030004    32.9909    26.1756 0.0000e+00
   1442.921    139.000     4.1261  31.030294    32.9903    26.1750 0.0000e+00
   1447.058    138.000     4.1265  31.028716    32.9886    26.1736 0.0000e+00
   1451.018    137.000     4.1251  31.025954    32.9872    26.1727 0.0000e+00
   1455.427    136.000     4.1231  31.023293    32.9866    26.1724 0.0000e+00
   1459.595    135.000     4.1163  31.015716    32.9851    26.1718 0.0000e+00
   1464.184    134.000     4.1059  31.000701    32.9784    26.1676 0.0000e+00
   1468.708    133.000     4.1326  31.020952    32.9759    26.1629 0.0000e+00
   1473.499    132.000     4.1413  31.028174    32.9762    26.1623 0.0000e+00
   1478.156    131.000     4.1443  31.030144    32.9760    26.1618 0.0000e+00
   1482.713    130.000     4.1416  31.026691    32.9752    26.1614 0.0000e+00
   1487.316    129.000     4.1434  31.027129    32.9744    26.1606 0.0000e+00
   1492.165    128.000     4.1455  31.028119    32.9740    26.1601 0.0000e+00
   1496.496    127.000     4.1492  31.030274    32.9733    26.1592 0.0000e+00
   1501.299    126.000     4.1471  31.025607    32.9705    26.1571 0.0000e+00
   1506.228    125.000     4.1457  31.018439    32.9639    26.1521 0.0000e+00
   1511.109    124.000     4.1516  31.020926    32.9615    26.1495 0.0000e+00
   1516.565    123.000     4.1427  31.008560    32.9564    26.1464 0.0000e+00
   1521.744    122.000     4.1415  31.003968    32.9527    26.1436 0.0000e+00
   1526.947    121.000     4.1491  31.009318    32.9519    26.1422 0.0000e+00
   1532.526    120.000     4.1523  31.011665    32.9519    26.1419 0.0000e+00
   1538.871    119.000     4.1628  31.019078    32.9506    26.1398 0.0000e+00
   1545.282    118.000     4.1649  31.019147    32.9491    26.1384 0.0000e+00
   1551.473    117.000     4.1606  31.010306    32.9436    26.1344 0.0000e+00
   1557.724    116.000     4.1610  31.003614    32.9358    26.1282 0.0000e+00
   1564.151    115.000     4.1591  30.996072    32.9294    26.1233 0.0000e+00
   1570.965    114.000     4.1590  30.996192    32.9301    26.1239 0.0000e+00
   1577.540    113.000     4.1576  30.990454    32.9253    26.1202 0.0000e+00
   1583.304    112.000     4.1628  30.992064    32.9225    26.1174 0.0000e+00
   1588.642    111.000     4.1807  31.005337    32.9207    26.1142 0.0000e+00
   1593.883    110.000     4.1854  31.008512    32.9202    26.1133 0.0000e+00
   1599.876    109.000     4.1879  31.009997    32.9200    26.1129 0.0000e+00
   1606.273    108.000     4.1916  31.012269    32.9195    26.1121 0.0000e+00
   1612.606    107.000     4.1919  31.012152    32.9196    26.1121 0.0000e+00
   1618.643    106.000     4.1931  31.012958    32.9198    26.1122 0.0000e+00
   1625.001    105.000     4.1972  31.014704    32.9183    26.1106 0.0000e+00
   1630.610    104.000     4.2030  31.013374    32.9114    26.1045 0.0000e+00
   1636.619    103.000     4.2083  31.008173    32.9005    26.0954 0.0000e+00
   1641.856    102.000     4.2095  31.006471    32.8979    26.0931 0.0000e+00
   1647.499    101.000     4.2070  31.000346    32.8937    26.0900 0.0000e+00
   1653.274    100.000     4.2157  30.998639    32.8835    26.0811 0.0000e+00
   1659.335     99.000     4.2381  31.010317    32.8753    26.0723 0.0000e+00
   1664.800     98.000     4.2379  31.003198    32.8677    26.0662 0.0000e+00
   1670.631     97.000     4.2309  30.991425    32.8614    26.0619 0.0000e+00
   1676.017     96.000     4.2060  30.960266    32.8502    26.0556 0.0000e+00
   1681.337     95.000     4.1815  30.931331    32.8412    26.0509 0.0000e+00
   1686.739     94.000     4.1699  30.917706    32.8373    26.0490 0.0000e+00
   1691.919     93.000     4.1666  30.912864    32.8354    26.0478 0.0000e+00
   1696.616     92.000     4.1681  30.912821    32.8344    26.0469 0.0000e+00
   1701.563     91.000     4.1687  30.912685    32.8341    26.0466 0.0000e+00
   1706.517     90.000     4.1705  30.913348    32.8336    26.0460 0.0000e+00
   1711.339     89.000     4.1733  30.913099    32.8311    26.0437 0.0000e+00
   1715.383     88.000     4.1650  30.900097    32.8246    26.0394 0.0000e+00
   1719.552     87.000     4.1554  30.887985    32.8205    26.0371 0.0000e+00
   1723.517     86.000     4.1537  30.885578    32.8198    26.0368 0.0000e+00
   1727.310     85.000     4.1540  30.884340    32.8186    26.0358 0.0000e+00
   1731.349     84.000     4.1545  30.884021    32.8183    26.0354 0.0000e+00
   1735.589     83.000     4.1550  30.883747    32.8179    26.0351 0.0000e+00
   1740.080     82.000     4.1553  30.882993    32.8173    26.0346 0.0000e+00
   1744.641     81.000     4.1559  30.882565    32.8167    26.0340 0.0000e+00
   1748.727     80.000     4.1568  30.882140    32.8158    26.0332 0.0000e+00
   1752.352     79.000     4.1575  30.881553    32.8149    26.0325 0.0000e+00
   1756.089     78.000     4.1582  30.881274    32.8144    26.0320 0.0000e+00
   1759.526     77.000     4.1594  30.881561    32.8141    26.0316 0.0000e+00
   1763.273     76.000     4.1641  30.885078    32.8140    26.0311 0.0000e+00
   1767.053     75.000     4.1810  30.898718    32.8137    26.0291 0.0000e+00
   1770.716     74.000     4.2034  30.916382    32.8126    26.0260 0.0000e+00
   1774.288     73.000     4.2182  30.927263    32.8111    26.0233 0.0000e+00
   1778.446     72.000     4.2308  30.936362    32.8098    26.0209 0.0000e+00
   1782.324     71.000     4.2414  30.943520    32.8081    26.0185 0.0000e+00
   1786.116     70.000     4.2270  30.924551    32.8007    26.0141 0.0000e+00
   1790.443     69.000     4.2153  30.909539    32.7953    26.0110 0.0000e+00
   1794.032     68.000     4.2229  30.912282    32.7914    26.0072 0.0000e+00
   1798.120     67.000     4.2463  30.930095    32.7895    26.0033 0.0000e+00
   1801.637     66.000     4.2648  30.940906    32.7843    25.9972 0.0000e+00
   1805.399     65.000     4.2608  30.932449    32.7789    25.9933 0.0000e+00
   1808.998     64.000     4.2667  30.932098    32.7731    25.9882 0.0000e+00
   1812.822     63.000     4.2872  30.940328    32.7629    25.9779 0.0000e+00
   1816.567     62.000     4.3132  30.950430    32.7493    25.9645 0.0000e+00
   1820.100     61.000     4.3258  30.955785    32.7436    25.9587 0.0000e+00
   1823.960     60.000     4.3352  30.961758    32.7417    25.9562 0.0000e+00
   1827.664     59.000     4.3381  30.961791    32.7394    25.9541 0.0000e+00
   1831.208     58.000     4.3422  30.962612    32.7368    25.9516 0.0000e+00
   1834.735     57.000     4.3503  30.967256    32.7347    25.9491 0.0000e+00
   1838.434     56.000     4.3553  30.968052    32.7312    25.9458 0.0000e+00
   1841.632     55.000     4.3660  30.971015    32.7245    25.9394 0.0000e+00
   1845.408     54.000     4.3844  30.976124    32.7128    25.9281 0.0000e+00
   1848.796     53.000     4.3886  30.977898    32.7112    25.9265 0.0000e+00
   1852.503     52.000     4.3921  30.978971    32.7095    25.9247 0.0000e+00
   1856.129     51.000     4.3987  30.982383    32.7074    25.9224 0.0000e+00
   1859.767     50.000     4.4203  30.998891    32.7058    25.9189 0.0000e+00
   1863.291     49.000     4.4514  31.023614    32.7043    25.9145 0.0000e+00
   1867.126     48.000     4.4767  31.040701    32.6997    25.9082 0.0000e+00
   1870.607     47.000     4.5534  31.102335    32.6961    25.8973 0.0000e+00
   1874.688     46.000     4.5736  31.108088    32.6833    25.8850 0.0000e+00
   1878.302     45.000     4.5794  31.105355    32.6749    25.8777 0.0000e+00
   1882.311     44.000     4.5840  31.102745    32.6678    25.8716 0.0000e+00
   1885.595     43.000     4.6039  31.100228    32.6458    25.8520 0.0000e+00
   1889.292     42.000     4.6442  31.096695    32.6025    25.8134 0.0000e+00
   1892.267     41.000     4.6452  31.080338    32.5830    25.7978 0.0000e+00
   1895.930     40.000     4.6372  31.053344    32.5601    25.7805 0.0000e+00
   1899.494     39.000     4.6384  31.050917    32.5566    25.7776 0.0000e+00
   1902.770     38.000     4.6408  31.045294    32.5482    25.7707 0.0000e+00
   1906.901     37.000     4.6436  31.039184    32.5389    25.7630 0.0000e+00
   1910.398     36.000     4.6434  31.034829    32.5345    25.7596 0.0000e+00
   1913.877     35.000     4.6412  31.030197    32.5318    25.7576 0.0000e+00
   1917.756     34.000     4.6389  31.025649    32.5293    25.7559 0.0000e+00
   1921.193     33.000     4.6374  31.022810    32.5280    25.7550 0.0000e+00
   1924.990     32.000     4.6353  31.019326    32.5265    25.7541 0.0000e+00
   1928.699     31.000     4.6337  31.013874    32.5223    25.7509 0.0000e+00
   1932.591     30.000     4.6347  31.009965    32.5173    25.7468 0.0000e+00
   1936.250     29.000     4.6376  30.999715    32.5030    25.7352 0.0000e+00
   1940.358     28.000     4.6375  30.994712    32.4978    25.7311 0.0000e+00
   1943.957     27.000     4.6374  30.993942    32.4976    25.7309 0.0000e+00
   1947.848     26.000     4.6372  30.991393    32.4953    25.7291 0.0000e+00
   1951.596     25.000     4.6366  30.987767    32.4922    25.7267 0.0000e+00
   1955.604     24.000     4.6378  30.979057    32.4814    25.7180 0.0000e+00
   1959.514     23.000     4.6423  30.974717    32.4725    25.7105 0.0000e+00
   1963.937     22.000     4.6454  30.972741    32.4676    25.7063 0.0000e+00
   1968.044     21.000     4.6471  30.971114    32.4646    25.7037 0.0000e+00
   1972.771     20.000     4.6496  30.970346    32.4618    25.7012 0.0000e+00
   1976.919     19.000     4.6557  30.968383    32.4540    25.6944 0.0000e+00
   1981.602     18.000     4.6884  30.981862    32.4381    25.6783 0.0000e+00
   1986.187     17.000     4.7138  30.994698    32.4286    25.6681 0.0000e+00
   1991.249     16.000     4.7151  30.993728    32.4267    25.6664 0.0000e+00
   1996.278     15.000     4.7141  30.990909    32.4249    25.6651 0.0000e+00
   2000.974     14.000     4.7190  30.992203    32.4221    25.6624 0.0000e+00
   2005.681     13.000     4.7811  31.031065    32.4069    25.6436 0.0000e+00
   2010.051     12.000     5.2959  31.425229    32.3593    25.5491 0.0000e+00
   2014.420     11.000     5.9167  31.903520    32.3037    25.4326 0.0000e+00
   2019.024     10.000     6.0445  32.001737    32.2921    25.4080 0.0000e+00
   2023.992      9.000     6.0846  32.031396    32.2876    25.3995 0.0000e+00
   2029.100      8.000     6.1101  32.044234    32.2781    25.3889 0.0000e+00
   2034.225      7.000     6.1335  32.048326    32.2609    25.3724 0.0000e+00
   2039.327      6.000     6.1384  32.050059    32.2586    25.3700 0.0000e+00
   2044.106      5.000     6.1412  32.050610    32.2571    25.3685 0.0000e+00
   2048.938      4.000     6.1445  32.050907    32.2547    25.3662 0.0000e+00
   2053.769      3.000     6.1469  32.051685    32.2538    25.3652 0.0000e+00
   2070.842      2.000     6.1495  32.052722    32.2530    25.3642 0.0000e+00
   2077.074      1.000     6.1499  31.485625    31.6219    24.8661 0.0000e+00
