data/seacat/current/bon042.cnv
* Sea-Bird SBE 19plus Data File:
* FileName = C:\Sea-Bird Data\2014\DY1405\Casts\BON042.hex
* Software Version Seasave V 7.22.3
* Temperature SN = 4530
* Conductivity SN = 4530
* System UpLoad Time = May 12 2014 06:42:40
* Real-Time Sample Interval = 0.2500 seconds
* System UTC = May 12 2014 06:42:40
# nquan = 7                                 
# nvalues = 119                         
# units = specified
# name 0 = timeS: Time, Elapsed [seconds]
# name 1 = prdM: Pressure, Strain Gauge [db]
# name 2 = tv290C: Temperature [ITS-90, deg C]
# name 3 = c0mS/cm: Conductivity [mS/cm]
# name 4 = sal00: Salinity, Practical [PSU]
# name 5 = sigma-t00: Density [sigma-t, Kg/m^3 ]
# name 6 = flag: flag
# span 0 =    101.216,    482.496       
# span 1 =      1.000,     60.000       
# span 2 =    -0.6624,     0.2849       
# span 3 =  25.755825,  26.576922       
# span 4 =    30.9103,    31.5849       
# span 5 =    24.8040,    25.3445       
# span 6 = 0.0000e+00, 0.0000e+00       
# interval = decibars: 1                
# start_time = May 12 2014 06:42:40 [System UTC, header]
# bad_flag = -9.990e-29
*END*
    101.216      1.000     0.0426  25.972447    30.9103    24.8040 0.0000e+00
    104.576      2.000     0.0006  26.368917    31.4722    25.2590 0.0000e+00
    106.636      3.000     0.0684  26.379478    31.4157    25.2105 0.0000e+00
    109.170      4.000     0.0871  26.446867    31.4842    25.2649 0.0000e+00
    118.766      5.000     0.1476  26.493078    31.4819    25.2604 0.0000e+00
    124.780      6.000     0.2668  26.564880    31.4527    25.2314 0.0000e+00
    126.453      7.000     0.2500  26.545969    31.4447    25.2257 0.0000e+00
    128.012      8.000     0.2849  26.571994    31.4423    25.2222 0.0000e+00
    129.770      9.000     0.2770  26.561436    31.4361    25.2175 0.0000e+00
    131.553     10.000     0.2601  26.576922    31.4730    25.2481 0.0000e+00
    134.195     11.000     0.1914  26.558170    31.5185    25.2879 0.0000e+00
    136.362     12.000     0.1230  26.555478    31.5849    25.3445 0.0000e+00
    138.219     13.000     0.0997  26.421897    31.4335    25.2234 0.0000e+00
    141.218     14.000    -0.2581  26.014239    31.2644    25.1018 0.0000e+00
    143.073     15.000    -0.2724  26.012175    31.2758    25.1115 0.0000e+00
    144.891     16.000    -0.2848  26.002622    31.2754    25.1116 0.0000e+00
    147.291     17.000    -0.3113  25.982193    31.2750    25.1124 0.0000e+00
    149.053     18.000    -0.3338  25.964966    31.2748    25.1131 0.0000e+00
    150.764     19.000    -0.3537  25.950408    31.2755    25.1143 0.0000e+00
    153.008     20.000    -0.3642  25.943584    31.2767    25.1157 0.0000e+00
    154.762     21.000    -0.3732  25.938257    31.2783    25.1173 0.0000e+00
    156.414     22.000    -0.3514  25.957614    31.2809    25.1186 0.0000e+00
    158.863     23.000    -0.2759  26.020366    31.2857    25.1196 0.0000e+00
    160.601     24.000    -0.2485  26.042975    31.2868    25.1195 0.0000e+00
    162.217     25.000    -0.2435  26.047716    31.2874    25.1197 0.0000e+00
    164.920     26.000    -0.2380  26.053875    31.2893    25.1211 0.0000e+00
    166.552     27.000    -0.2478  26.048640    31.2919    25.1235 0.0000e+00
    167.944     28.000    -0.2920  26.013337    31.2901    25.1238 0.0000e+00
    170.428     29.000    -0.3394  25.976699    31.2898    25.1254 0.0000e+00
    172.663     30.000    -0.3847  25.942015    31.2900    25.1272 0.0000e+00
    174.281     31.000    -0.4556  25.886393    31.2887    25.1287 0.0000e+00
    175.933     32.000    -0.4882  25.862871    31.2905    25.1313 0.0000e+00
    178.154     33.000    -0.4935  25.859816    31.2914    25.1322 0.0000e+00
    180.572     34.000    -0.4959  25.858300    31.2912    25.1322 0.0000e+00
    182.219     35.000    -0.5012  25.854693    31.2913    25.1325 0.0000e+00
    183.731     36.000    -0.5051  25.852248    31.2915    25.1328 0.0000e+00
    185.843     37.000    -0.5203  25.841661    31.2926    25.1341 0.0000e+00
    188.491     38.000    -0.5343  25.832078    31.2937    25.1355 0.0000e+00
    189.963     39.000    -0.5500  25.821273    31.2950    25.1371 0.0000e+00
    191.270     40.000    -0.5746  25.803934    31.2967    25.1394 0.0000e+00
    193.932     41.000    -0.5939  25.790818    31.2986    25.1416 0.0000e+00
    196.304     42.000    -0.5952  25.790117    31.2985    25.1415 0.0000e+00
    197.516     43.000    -0.6035  25.785384    31.3002    25.1431 0.0000e+00
    199.234     44.000    -0.6310  25.768842    31.3060    25.1487 0.0000e+00
    201.954     45.000    -0.6527  25.757489    31.3127    25.1549 0.0000e+00
    203.601     46.000    -0.6571  25.756418    31.3153    25.1571 0.0000e+00
    204.950     47.000    -0.6596  25.755825    31.3165    25.1582 0.0000e+00
    207.405     48.000    -0.6600  25.756273    31.3169    25.1586 0.0000e+00
    209.800     49.000    -0.6601  25.756517    31.3168    25.1584 0.0000e+00
    211.156     50.000    -0.6612  25.756841    31.3178    25.1593 0.0000e+00
    212.816     51.000    -0.6624  25.756152    31.3175    25.1591 0.0000e+00
    215.472     52.000    -0.6615  25.757448    31.3178    25.1593 0.0000e+00
    217.765     53.000    -0.6599  25.759082    31.3177    25.1592 0.0000e+00
    219.147     54.000    -0.6532  25.764669    31.3177    25.1589 0.0000e+00
    221.396     55.000    -0.6422  25.773825    31.3179    25.1588 0.0000e+00
    224.052     56.000    -0.6396  25.776127    31.3177    25.1585 0.0000e+00
    225.737     57.000    -0.6381  25.777785    31.3178    25.1585 0.0000e+00
    228.074     58.000    -0.6379  25.778305    31.3177    25.1585 0.0000e+00
    230.499     59.000    -0.6383  25.778449    31.3177    25.1585 0.0000e+00
    238.159     60.000    -0.6446  25.773903    31.3176    25.1586 0.0000e+00
    241.515     59.000    -0.6435  25.774403    31.3177    25.1587 0.0000e+00
    245.688     58.000    -0.6417  25.775241    31.3176    25.1585 0.0000e+00
    247.870     57.000    -0.6395  25.776590    31.3177    25.1585 0.0000e+00
    250.950     56.000    -0.6421  25.773942    31.3174    25.1583 0.0000e+00
    253.572     55.000    -0.6442  25.771899    31.3174    25.1584 0.0000e+00
    255.935     54.000    -0.6410  25.774045    31.3175    25.1584 0.0000e+00
    258.580     53.000    -0.6411  25.773507    31.3175    25.1584 0.0000e+00
    261.578     52.000    -0.6382  25.775091    31.3172    25.1580 0.0000e+00
    263.777     51.000    -0.6368  25.775552    31.3169    25.1578 0.0000e+00
    266.947     50.000    -0.6394  25.772733    31.3164    25.1575 0.0000e+00
    270.195     49.000    -0.6389  25.772280    31.3159    25.1570 0.0000e+00
    273.257     48.000    -0.6399  25.770829    31.3156    25.1568 0.0000e+00
    277.280     47.000    -0.6427  25.767638    31.3148    25.1562 0.0000e+00
    280.506     46.000    -0.6437  25.765927    31.3141    25.1557 0.0000e+00
    284.999     45.000    -0.6421  25.766209    31.3134    25.1551 0.0000e+00
    288.582     44.000    -0.6375  25.767767    31.3113    25.1532 0.0000e+00
    292.388     43.000    -0.6303  25.771147    31.3089    25.1511 0.0000e+00
    297.171     42.000    -0.6256  25.773135    31.3073    25.1496 0.0000e+00
    300.902     41.000    -0.6160  25.777616    31.3039    25.1466 0.0000e+00
    305.606     40.000    -0.6106  25.780022    31.3021    25.1449 0.0000e+00
    309.231     39.000    -0.5996  25.785391    31.2984    25.1416 0.0000e+00
    313.619     38.000    -0.5841  25.793945    31.2944    25.1378 0.0000e+00
    317.197     37.000    -0.5680  25.804815    31.2928    25.1360 0.0000e+00
    321.426     36.000    -0.5539  25.813841    31.2908    25.1339 0.0000e+00
    325.802     35.000    -0.5485  25.817200    31.2903    25.1333 0.0000e+00
    330.887     34.000    -0.5496  25.815575    31.2899    25.1329 0.0000e+00
    335.901     33.000    -0.5469  25.816786    31.2892    25.1324 0.0000e+00
    340.791     32.000    -0.5382  25.822063    31.2879    25.1309 0.0000e+00
    344.990     31.000    -0.5308  25.826839    31.2871    25.1301 0.0000e+00
    350.379     30.000    -0.5173  25.836992    31.2873    25.1298 0.0000e+00
    354.735     29.000    -0.5039  25.847120    31.2875    25.1295 0.0000e+00
    359.563     28.000    -0.3723  25.953063    31.2930    25.1292 0.0000e+00
    364.193     27.000    -0.3267  25.989064    31.2943    25.1285 0.0000e+00
    369.160     26.000    -0.2715  26.032210    31.2951    25.1271 0.0000e+00
    373.224     25.000    -0.2623  26.038648    31.2947    25.1264 0.0000e+00
    378.886     24.000    -0.2432  26.052980    31.2946    25.1256 0.0000e+00
    382.509     23.000    -0.2361  26.058209    31.2948    25.1254 0.0000e+00
    386.757     22.000    -0.2289  26.063410    31.2948    25.1252 0.0000e+00
    391.535     21.000    -0.2193  26.070306    31.2946    25.1246 0.0000e+00
    395.452     20.000    -0.2152  26.072695    31.2941    25.1241 0.0000e+00
    399.453     19.000    -0.2042  26.079405    31.2922    25.1221 0.0000e+00
    404.164     18.000    -0.1987  26.083042    31.2919    25.1217 0.0000e+00
    407.981     17.000    -0.1994  26.081276    31.2909    25.1209 0.0000e+00
    412.288     16.000    -0.2097  26.070076    31.2873    25.1183 0.0000e+00
    417.586     15.000    -0.2173  26.060720    31.2833    25.1154 0.0000e+00
    421.488     14.000    -0.2133  26.060692    31.2797    25.1124 0.0000e+00
    425.629     13.000    -0.2127  26.060339    31.2792    25.1120 0.0000e+00
    430.015     12.000    -0.1973  26.069248    31.2757    25.1085 0.0000e+00
    434.015     11.000    -0.1628  26.093739    31.2731    25.1051 0.0000e+00
    437.641     10.000    -0.1002  26.140974    31.2717    25.1014 0.0000e+00
    441.810      9.000    -0.0449  26.181599    31.2690    25.0969 0.0000e+00
    445.342      8.000    -0.0412  26.181164    31.2652    25.0937 0.0000e+00
    449.062      7.000    -0.0373  26.182879    31.2640    25.0926 0.0000e+00
    453.347      6.000    -0.0457  26.171455    31.2582    25.0883 0.0000e+00
    457.622      5.000    -0.0497  26.164879    31.2542    25.0852 0.0000e+00
    461.816      4.000    -0.0498  26.164498    31.2544    25.0854 0.0000e+00
    465.967      3.000    -0.0505  26.163582    31.2545    25.0855 0.0000e+00
    470.971      2.000    -0.0515  26.162566    31.2547    25.0857 0.0000e+00
    482.496      1.000    -0.0545  26.159928    31.2549    25.0860 0.0000e+00
