data/seacat/current/bon049.cnv
* Sea-Bird SBE 19plus Data File:
* FileName = C:\Sea-Bird Data\2014\DY1405\Casts\BON049.hex
* Software Version Seasave V 7.22.3
* Temperature SN = 4530
* Conductivity SN = 4530
* System UpLoad Time = May 16 2014 14:21:37
* Real-Time Sample Interval = 0.2500 seconds
* System UTC = May 16 2014 14:21:37
# nquan = 7                                 
# nvalues = 545                         
# units = specified
# name 0 = timeS: Time, Elapsed [seconds]
# name 1 = prdM: Pressure, Strain Gauge [db]
# name 2 = tv290C: Temperature [ITS-90, deg C]
# name 3 = c0mS/cm: Conductivity [mS/cm]
# name 4 = sal00: Salinity, Practical [PSU]
# name 5 = sigma-t00: Density [sigma-t, Kg/m^3 ]
# name 6 = flag: flag
# span 0 =    563.035,   2261.844       
# span 1 =      1.000,    273.000       
# span 2 =     3.4808,     6.0300       
# span 3 =  28.065584,  31.978668       
# span 4 =    28.1703,    33.2828       
# span 5 =    22.1865,    26.4426       
# span 6 = 0.0000e+00, 0.0000e+00       
# interval = decibars: 1                
# start_time = May 16 2014 14:21:37 [System UTC, header]
# bad_flag = -9.990e-29
*END*
[from data line 411]
   1642.654    134.000     4.2436  31.033130    32.8786    26.0743 0.0000e+00
   1647.512    133.000     4.2964  31.080434    32.8818    26.0714 0.0000e+00
   1652.132    132.000     4.3035  31.083251    32.8785    26.0681 0.0000e+00
   1657.186    131.000     4.3049  31.082533    32.8768    26.0666 0.0000e+00
   1662.231    130.000     4.3114  31.084179    32.8728    26.0627 0.0000e+00
   1667.512    129.000     4.3150  31.085140    32.8708    26.0608 0.0000e+00
   1672.335    128.000     4.3181  31.086019    32.8692    26.0593 0.0000e+00
   1677.059    127.000     4.3217  31.087038    32.8674    26.0574 0.0000e+00
   1681.909    126.000     4.3241  31.087592    32.8661    26.0562 0.0000e+00
   1686.320    125.000     4.3260  31.088078    32.8653    26.0553 0.0000e+00
   1691.158    124.000     4.3273  31.088094    32.8646    26.0546 0.0000e+00
   1695.720    123.000     4.3275  31.087535    32.8642    26.0543 0.0000e+00
   1700.591    122.000     4.3307  31.088722    32.8629    26.0529 0.0000e+00
   1705.185    121.000     4.3340  31.090239    32.8619    26.0518 0.0000e+00
   1709.890    120.000     4.3418  31.094555    32.8597    26.0492 0.0000e+00
   1714.582    119.000     4.3498  31.098335    32.8567    26.0460 0.0000e+00
   1719.122    118.000     4.3509  31.099247    32.8572    26.0463 0.0000e+00
   1724.174    117.000     4.3491  31.096332    32.8561    26.0456 0.0000e+00
   1728.870    116.000     4.3468  31.091635    32.8534    26.0437 0.0000e+00
   1734.088    115.000     4.3506  31.092380    32.8510    26.0414 0.0000e+00
   1739.518    114.000     4.3536  31.093195    32.8494    26.0399 0.0000e+00
   1744.085    113.000     4.3570  31.095225    32.8489    26.0391 0.0000e+00
   1749.106    112.000     4.3606  31.097068    32.8480    26.0380 0.0000e+00
   1753.832    111.000     4.3629  31.096915    32.8461    26.0362 0.0000e+00
   1758.648    110.000     4.3604  31.091285    32.8425    26.0336 0.0000e+00
   1763.222    109.000     4.3583  31.084717    32.8374    26.0298 0.0000e+00
   1767.782    108.000     4.3605  31.083718    32.8346    26.0273 0.0000e+00
   1772.697    107.000     4.3616  31.083359    32.8336    26.0264 0.0000e+00
   1777.601    106.000     4.3633  31.083233    32.8322    26.0252 0.0000e+00
   1782.992    105.000     4.3638  31.083031    32.8320    26.0250 0.0000e+00
   1788.697    104.000     4.3658  31.083894    32.8316    26.0244 0.0000e+00
   1794.440    103.000     4.3799  31.093143    32.8288    26.0208 0.0000e+00
   1799.768    102.000     4.3842  31.093406    32.8254    26.0176 0.0000e+00
   1803.937    101.000     4.3811  31.087960    32.8226    26.0157 0.0000e+00
   1808.417    100.000     4.3741  31.079170    32.8198    26.0142 0.0000e+00
   1812.717     99.000     4.3320  31.030450    32.8053    26.0070 0.0000e+00
   1817.555     98.000     4.3598  31.052031    32.8034    26.0026 0.0000e+00
   1821.906     97.000     4.3661  31.052794    32.7985    25.9981 0.0000e+00
   1826.924     96.000     4.3780  31.058263    32.7936    25.9930 0.0000e+00
   1831.664     95.000     4.3836  31.059017    32.7894    25.9891 0.0000e+00
   1836.523     94.000     4.3757  31.048069    32.7850    25.9864 0.0000e+00
   1841.426     93.000     4.3269  30.996849    32.7741    25.9828 0.0000e+00
   1846.277     92.000     4.3004  30.967753    32.7669    25.9798 0.0000e+00
   1851.212     91.000     4.2852  30.947199    32.7585    25.9747 0.0000e+00
   1855.648     90.000     4.2737  30.933683    32.7546    25.9727 0.0000e+00
   1860.815     89.000     4.2574  30.914358    32.7487    25.9697 0.0000e+00
   1865.679     88.000     4.2415  30.893561    32.7406    25.9649 0.0000e+00
   1871.392     87.000     4.2178  30.863780    32.7298    25.9587 0.0000e+00
   1877.109     86.000     4.2278  30.865560    32.7225    25.9519 0.0000e+00
   1882.424     85.000     4.2227  30.844528    32.7034    25.9372 0.0000e+00
   1887.973     84.000     4.2311  30.839046    32.6891    25.9251 0.0000e+00
   1893.988     83.000     4.2539  30.849321    32.6790    25.9147 0.0000e+00
   1900.276     82.000     4.2559  30.847765    32.6757    25.9119 0.0000e+00
   1906.857     81.000     4.2596  30.841885    32.6657    25.9035 0.0000e+00
   1911.718     80.000     4.2612  30.836379    32.6581    25.8974 0.0000e+00
   1916.409     79.000     4.2665  30.836538    32.6536    25.8932 0.0000e+00
   1922.762     78.000     4.2938  30.846608    32.6388    25.8787 0.0000e+00
   1929.707     77.000     4.2923  30.843211    32.6368    25.8773 0.0000e+00
   1935.568     76.000     4.3068  30.854826    32.6366    25.8756 0.0000e+00
   1941.008     75.000     4.3333  30.877126    32.6369    25.8732 0.0000e+00
   1945.930     74.000     4.3508  30.892357    32.6379    25.8722 0.0000e+00
   1950.748     73.000     4.3564  30.897881    32.6393    25.8727 0.0000e+00
   1955.332     72.000     4.3643  30.904755    32.6401    25.8725 0.0000e+00
   1960.100     71.000     4.3839  30.922605    32.6420    25.8720 0.0000e+00
   1965.720     70.000     4.3955  30.933958    32.6443    25.8726 0.0000e+00
   1971.583     69.000     4.4081  30.944631    32.6448    25.8717 0.0000e+00
   1976.557     68.000     4.4105  30.944723    32.6431    25.8701 0.0000e+00
   1980.811     67.000     4.4101  30.944090    32.6432    25.8703 0.0000e+00
   1984.673     66.000     4.4114  30.934647    32.6314    25.8608 0.0000e+00
   1988.819     65.000     4.4211  30.933301    32.6208    25.8513 0.0000e+00
   1994.701     64.000     4.4355  30.930498    32.6038    25.8363 0.0000e+00
   1999.429     63.000     4.4436  30.925990    32.5910    25.8254 0.0000e+00
   2003.707     62.000     4.4457  30.923628    32.5867    25.8217 0.0000e+00
   2007.815     61.000     4.4477  30.919931    32.5809    25.8169 0.0000e+00
   2011.247     60.000     4.4493  30.918249    32.5779    25.8144 0.0000e+00
   2014.572     59.000     4.4560  30.918580    32.5722    25.8091 0.0000e+00
   2017.588     58.000     4.4605  30.919651    32.5695    25.8065 0.0000e+00
   2020.663     57.000     4.4649  30.920896    32.5671    25.8042 0.0000e+00
   2023.711     56.000     4.4674  30.921325    32.5657    25.8028 0.0000e+00
   2026.480     55.000     4.4697  30.921637    32.5643    25.8014 0.0000e+00
   2029.706     54.000     4.4730  30.922526    32.5626    25.7997 0.0000e+00
   2032.945     53.000     4.4767  30.923916    32.5611    25.7981 0.0000e+00
   2036.215     52.000     4.4825  30.926132    32.5584    25.7954 0.0000e+00
   2039.121     51.000     4.4875  30.926545    32.5545    25.7918 0.0000e+00
   2041.929     50.000     4.4773  30.909253    32.5449    25.7852 0.0000e+00
   2044.892     49.000     4.4732  30.900209    32.5389    25.7809 0.0000e+00
   2047.475     48.000     4.4314  30.857497    32.5308    25.7789 0.0000e+00
   2050.144     47.000     4.3890  30.812217    32.5203    25.7749 0.0000e+00
   2053.077     46.000     4.3418  30.761760    32.5085    25.7703 0.0000e+00
   2055.780     45.000     4.2670  30.681180    32.4885    25.7621 0.0000e+00
   2058.584     44.000     4.2258  30.637231    32.4782    25.7581 0.0000e+00
   2061.514     43.000     4.2015  30.610512    32.4714    25.7551 0.0000e+00
   2064.213     42.000     4.1929  30.600052    32.4682    25.7534 0.0000e+00
   2067.325     41.000     4.1837  30.585121    32.4602    25.7480 0.0000e+00
   2070.143     40.000     4.1938  30.583886    32.4493    25.7383 0.0000e+00
   2073.052     39.000     4.2087  30.588992    32.4411    25.7303 0.0000e+00
   2076.326     38.000     4.1963  30.572190    32.4342    25.7260 0.0000e+00
   2079.316     37.000     4.1764  30.547308    32.4251    25.7208 0.0000e+00
   2082.502     36.000     4.1667  30.531783    32.4170    25.7153 0.0000e+00
   2085.985     35.000     4.1698  30.527320    32.4092    25.7088 0.0000e+00
   2089.058     34.000     4.1724  30.517829    32.3960    25.6981 0.0000e+00
   2092.070     33.000     4.1894  30.529050    32.3929    25.6939 0.0000e+00
   2095.288     32.000     4.2250  30.558803    32.3932    25.6906 0.0000e+00
   2098.449     31.000     4.2620  30.588119    32.3916    25.6856 0.0000e+00
   2101.529     30.000     4.3081  30.617233    32.3809    25.6724 0.0000e+00
   2105.304     29.000     4.3168  30.617733    32.3734    25.6656 0.0000e+00
   2109.089     28.000     4.3236  30.615090    32.3641    25.6575 0.0000e+00
   2113.066     27.000     4.3150  30.595008    32.3496    25.6469 0.0000e+00
   2117.031     26.000     4.3050  30.574742    32.3362    25.6373 0.0000e+00
   2120.570     25.000     4.3299  30.587358    32.3271    25.6275 0.0000e+00
   2124.549     24.000     4.3445  30.596880    32.3244    25.6238 0.0000e+00
   2128.781     23.000     4.3435  30.594306    32.3228    25.6227 0.0000e+00
   2133.780     22.000     4.4272  30.658342    32.3160    25.6087 0.0000e+00
   2139.907     21.000     4.5232  30.739246    32.3167    25.5994 0.0000e+00
   2146.020     20.000     4.5207  30.736665    32.3167    25.5996 0.0000e+00
   2151.920     19.000     4.5217  30.735681    32.3150    25.5982 0.0000e+00
   2158.059     18.000     4.5106  30.723190    32.3119    25.5968 0.0000e+00
   2165.020     17.000     4.5191  30.729517    32.3114    25.5956 0.0000e+00
   2173.906     16.000     4.4691  30.680695    32.3041    25.5949 0.0000e+00
   2182.297     15.000     4.5155  30.720961    32.3060    25.5917 0.0000e+00
   2188.879     14.000     4.5451  30.748909    32.3101    25.5918 0.0000e+00
   2194.301     13.000     4.5840  30.784573    32.3140    25.5909 0.0000e+00
   2199.499     12.000     4.6709  30.862905    32.3204    25.5868 0.0000e+00
   2205.129     11.000     4.8358  31.009330    32.3294    25.5764 0.0000e+00
   2211.183     10.000     4.8805  31.048640    32.3318    25.5734 0.0000e+00
   2216.343      9.000     5.0576  31.193057    32.3262    25.5496 0.0000e+00
   2221.204      8.000     5.3487  31.424486    32.3094    25.5037 0.0000e+00
   2225.749      7.000     5.7158  31.739300    32.3133    25.4642 0.0000e+00
   2229.799      6.000     5.9983  31.954547    32.2854    25.4083 0.0000e+00
   2234.171      5.000     5.9990  31.957245    32.2882    25.4104 0.0000e+00
   2237.888      4.000     6.0175  31.969316    32.2846    25.4053 0.0000e+00
   2249.846      3.000     6.0275  31.977024    32.2841    25.4037 0.0000e+00
   2257.552      2.000     6.0300  31.978668    32.2841    25.4034 0.0000e+00
   2261.844      1.000     6.0271  31.352176    31.5879    24.8541 0.0000e+00
