data/seacat/current/bon046.cnv
* Sea-Bird SBE 19plus Data File:
* FileName = C:\Sea-Bird Data\2014\DY1405\Casts\BON046.hex
* Software Version Seasave V 7.22.3
* Temperature SN = 4530
* Conductivity SN = 4530
* System UpLoad Time = May 16 2014 05:06:07
* Real-Time Sample Interval = 0.2500 seconds
* System UTC = May 16 2014 05:06:07
# nquan = 7                                 
# nvalues = 245                         
# units = specified
# name 0 = timeS: Time, Elapsed [seconds]
# name 1 = prdM: Pressure, Strain Gauge [db]
# name 2 = tv290C: Temperature [ITS-90, deg C]
# name 3 = c0mS/cm: Conductivity [mS/cm]
# name 4 = sal00: Salinity, Practical [PSU]
# name 5 = sigma-t00: Density [sigma-t, Kg/m^3 ]
# name 6 = flag: flag
# span 0 =     83.200,    922.328       
# span 1 =      1.000,    123.000       
# span 2 =     4.2979,     6.0945       
# span 3 =  22.308911,  32.150856       
# span 4 =    21.8685,    32.8224       
# span 5 =    17.2134,    26.0238       
# span 6 = 0.0000e+00, 0.0000e+00       
# interval = decibars: 1                
# start_time = May 16 2014 05:06:07 [System UTC, header]
# bad_flag = -9.990e-29
*END*
     83.200      1.000     5.8064  22.308911    21.8685    17.2134 0.0000e+00
     84.981      2.000     5.9790  31.668234    31.9854    25.1737 0.0000e+00
     90.466      3.000     5.9729  31.952678    32.3090    25.4300 0.0000e+00
     96.818      4.000     5.9673  31.963040    32.3255    25.4437 0.0000e+00
     99.146      5.000     5.9537  31.950846    32.3243    25.4444 0.0000e+00
    101.249      6.000     5.9616  31.939538    32.3036    25.4271 0.0000e+00
    103.398      7.000     5.9424  31.921569    32.3013    25.4276 0.0000e+00
    105.860      8.000     5.9410  31.924263    32.3052    25.4308 0.0000e+00
    108.271      9.000     5.9739  31.923354    32.2723    25.4009 0.0000e+00
    110.916     10.000     5.9801  31.919788    32.2619    25.3919 0.0000e+00
    113.548     11.000     5.9793  31.921632    32.2642    25.3939 0.0000e+00
    116.064     12.000     5.9893  31.935663    32.2699    25.3971 0.0000e+00
    118.570     13.000     5.9843  31.919514    32.2561    25.3869 0.0000e+00
    121.184     14.000     5.9706  31.935765    32.2869    25.4128 0.0000e+00
    123.692     15.000     5.9351  32.005474    32.3984    25.5052 0.0000e+00
    126.159     16.000     5.9077  32.010939    32.4304    25.5337 0.0000e+00
    128.534     17.000     5.8828  31.993621    32.4343    25.5399 0.0000e+00
    130.935     18.000     5.8724  31.987333    32.4368    25.5430 0.0000e+00
    133.255     19.000     5.8350  31.960838    32.4424    25.5520 0.0000e+00
    135.491     20.000     5.8063  31.942088    32.4484    25.5602 0.0000e+00
    137.698     21.000     5.6247  31.813205    32.4775    25.6047 0.0000e+00
    140.128     22.000     5.4058  31.656199    32.5108    25.6565 0.0000e+00
    142.589     23.000     5.3682  31.628765    32.5156    25.6646 0.0000e+00
    144.894     24.000     5.3394  31.607070    32.5184    25.6701 0.0000e+00
    147.206     25.000     5.3398  31.607071    32.5175    25.6693 0.0000e+00
    149.407     26.000     5.3309  31.601087    32.5188    25.6714 0.0000e+00
    151.636     27.000     5.2398  31.535095    32.5316    25.6919 0.0000e+00
    154.021     28.000     5.1904  31.500273    32.5394    25.7036 0.0000e+00
    156.349     29.000     5.1545  31.474136    32.5440    25.7113 0.0000e+00
    158.628     30.000     5.1354  31.461671    32.5478    25.7165 0.0000e+00
    161.070     31.000     5.0964  31.436928    32.5570    25.7281 0.0000e+00
    163.376     32.000     5.0405  31.402331    32.5714    25.7458 0.0000e+00
    165.963     33.000     5.0090  31.384823    32.5816    25.7573 0.0000e+00
    168.490     34.000     4.9938  31.375555    32.5854    25.7619 0.0000e+00
    170.966     35.000     5.0010  31.379831    32.5827    25.7591 0.0000e+00
    173.596     36.000     4.9717  31.364366    32.5931    25.7705 0.0000e+00
    176.105     37.000     4.9359  31.343950    32.6042    25.7832 0.0000e+00
    178.693     38.000     4.9246  31.336232    32.6059    25.7858 0.0000e+00
    181.200     39.000     4.9090  31.325506    32.6083    25.7895 0.0000e+00
    183.373     40.000     4.8819  31.312139    32.6190    25.8009 0.0000e+00
    185.700     41.000     4.8646  31.307427    32.6300    25.8115 0.0000e+00
    187.905     42.000     4.8386  31.300698    32.6473    25.8280 0.0000e+00
    190.229     43.000     4.8197  31.296559    32.6606    25.8406 0.0000e+00
    192.486     44.000     4.8122  31.294455    32.6650    25.8450 0.0000e+00
    194.604     45.000     4.8039  31.291342    32.6691    25.8491 0.0000e+00
    196.800     46.000     4.7902  31.285239    32.6750    25.8553 0.0000e+00
    199.282     47.000     4.7801  31.279416    32.6777    25.8585 0.0000e+00
    201.704     48.000     4.7608  31.267892    32.6829    25.8647 0.0000e+00
    203.938     49.000     4.7216  31.245179    32.6947    25.8783 0.0000e+00
    206.176     50.000     4.6613  31.209586    32.7125    25.8988 0.0000e+00
    208.554     51.000     4.6127  31.179795    32.7254    25.9143 0.0000e+00
    210.954     52.000     4.5607  31.147086    32.7384    25.9300 0.0000e+00
    213.098     53.000     4.5139  31.117871    32.7502    25.9444 0.0000e+00
    215.098     54.000     4.4755  31.093082    32.7589    25.9553 0.0000e+00
    217.025     55.000     4.4654  31.086339    32.7605    25.9577 0.0000e+00
    219.215     56.000     4.4658  31.086891    32.7603    25.9574 0.0000e+00
    221.480     57.000     4.4502  31.076810    32.7635    25.9616 0.0000e+00
    223.711     58.000     4.4434  31.073244    32.7656    25.9639 0.0000e+00
    226.177     59.000     4.4321  31.066377    32.7683    25.9673 0.0000e+00
    228.915     60.000     4.4282  31.064150    32.7690    25.9683 0.0000e+00
    231.751     61.000     4.4164  31.057076    32.7720    25.9718 0.0000e+00
    234.209     62.000     4.4072  31.051735    32.7744    25.9747 0.0000e+00
    236.409     63.000     4.3950  31.044882    32.7780    25.9788 0.0000e+00
    238.799     64.000     4.3848  31.039184    32.7809    25.9822 0.0000e+00
    241.135     65.000     4.3849  31.039498    32.7807    25.9820 0.0000e+00
    243.312     66.000     4.3858  31.040298    32.7802    25.9815 0.0000e+00
    245.446     67.000     4.3871  31.041479    32.7798    25.9811 0.0000e+00
    247.523     68.000     4.3880  31.042323    32.7794    25.9806 0.0000e+00
    249.670     69.000     4.3871  31.042310    32.7797    25.9810 0.0000e+00
    251.809     70.000     4.3744  31.035419    32.7838    25.9856 0.0000e+00
    253.970     71.000     4.3716  31.034502    32.7850    25.9868 0.0000e+00
    256.062     72.000     4.3666  31.031720    32.7862    25.9883 0.0000e+00
    258.370     73.000     4.3663  31.031687    32.7859    25.9881 0.0000e+00
    260.736     74.000     4.3685  31.033770    32.7857    25.9877 0.0000e+00
    263.264     75.000     4.3569  31.027174    32.7890    25.9915 0.0000e+00
    265.705     76.000     4.3497  31.023714    32.7916    25.9943 0.0000e+00
    268.165     77.000     4.3397  31.019312    32.7959    25.9988 0.0000e+00
    270.707     78.000     4.3294  31.015123    32.8007    26.0037 0.0000e+00
    273.032     79.000     4.3226  31.012054    32.8034    26.0065 0.0000e+00
    275.389     80.000     4.3210  31.011671    32.8040    26.0071 0.0000e+00
    277.592     81.000     4.3213  31.012140    32.8037    26.0069 0.0000e+00
    279.698     82.000     4.3218  31.012668    32.8033    26.0065 0.0000e+00
    281.912     83.000     4.3216  31.013029    32.8035    26.0066 0.0000e+00
    283.981     84.000     4.3197  31.012833    32.8046    26.0077 0.0000e+00
    286.067     85.000     4.3180  31.012587    32.8055    26.0086 0.0000e+00
    288.259     86.000     4.3179  31.012941    32.8055    26.0086 0.0000e+00
    290.302     87.000     4.3183  31.013810    32.8056    26.0087 0.0000e+00
    292.374     88.000     4.3190  31.014597    32.8053    26.0084 0.0000e+00
    294.566     89.000     4.3184  31.014621    32.8054    26.0085 0.0000e+00
    296.825     90.000     4.3188  31.015219    32.8052    26.0083 0.0000e+00
    298.866     91.000     4.3203  31.015776    32.8038    26.0071 0.0000e+00
    300.960     92.000     4.3210  31.016360    32.8033    26.0066 0.0000e+00
    303.255     93.000     4.3216  31.016976    32.8029    26.0062 0.0000e+00
    305.663     94.000     4.3214  31.017443    32.8032    26.0064 0.0000e+00
    307.850     95.000     4.3202  31.017682    32.8041    26.0073 0.0000e+00
    310.054     96.000     4.3188  31.017960    32.8053    26.0084 0.0000e+00
    312.106     97.000     4.3192  31.018409    32.8049    26.0081 0.0000e+00
    314.371     98.000     4.3212  31.019211    32.8034    26.0066 0.0000e+00
    316.447     99.000     4.3238  31.020266    32.8015    26.0049 0.0000e+00
    318.518    100.000     4.3243  31.020901    32.8012    26.0046 0.0000e+00
    320.430    101.000     4.3236  31.021253    32.8018    26.0051 0.0000e+00
    322.422    102.000     4.3220  31.021271    32.8029    26.0062 0.0000e+00
    324.540    103.000     4.3226  31.021925    32.8026    26.0058 0.0000e+00
    326.514    104.000     4.3238  31.022707    32.8018    26.0051 0.0000e+00
    328.544    105.000     4.3248  31.023554    32.8013    26.0046 0.0000e+00
    330.512    106.000     4.3247  31.023957    32.8013    26.0046 0.0000e+00
    332.515    107.000     4.3245  31.024341    32.8015    26.0048 0.0000e+00
    334.493    108.000     4.3249  31.024977    32.8013    26.0046 0.0000e+00
    336.585    109.000     4.3255  31.025666    32.8010    26.0043 0.0000e+00
    338.575    110.000     4.3260  31.026310    32.8007    26.0040 0.0000e+00
    340.566    111.000     4.3270  31.027084    32.8001    26.0034 0.0000e+00
    342.565    112.000     4.3280  31.027812    32.7995    26.0028 0.0000e+00
    344.441    113.000     4.3277  31.028297    32.7998    26.0031 0.0000e+00
    346.504    114.000     4.3277  31.028706    32.7998    26.0031 0.0000e+00
    348.423    115.000     4.3281  31.029266    32.7995    26.0029 0.0000e+00
    350.258    116.000     4.3282  31.029823    32.7996    26.0029 0.0000e+00
    351.947    117.000     4.3299  31.030704    32.7984    26.0018 0.0000e+00
    353.790    118.000     4.3308  31.031329    32.7977    26.0011 0.0000e+00
    355.629    119.000     4.3305  31.031822    32.7981    26.0015 0.0000e+00
    357.506    120.000     4.3291  31.031877    32.7990    26.0024 0.0000e+00
    359.446    121.000     4.3287  31.032203    32.7993    26.0026 0.0000e+00
    361.406    122.000     4.3294  31.032987    32.7990    26.0023 0.0000e+00
    367.248    123.000     4.3289  31.033490    32.7996    26.0028 0.0000e+00
    371.800    122.000     4.3258  31.031784    32.8012    26.0044 0.0000e+00
    374.627    121.000     4.3264  31.031557    32.8008    26.0041 0.0000e+00
    377.621    120.000     4.3235  31.030302    32.8028    26.0059 0.0000e+00
    380.501    119.000     4.3242  31.029907    32.8021    26.0053 0.0000e+00
    383.584    118.000     4.3233  31.029093    32.8026    26.0058 0.0000e+00
    386.726    117.000     4.3233  31.028575    32.8025    26.0057 0.0000e+00
    389.799    116.000     4.3225  31.027872    32.8030    26.0062 0.0000e+00
    392.885    115.000     4.3230  31.027479    32.8025    26.0058 0.0000e+00
    395.894    114.000     4.3219  31.026672    32.8032    26.0064 0.0000e+00
    399.730    113.000     4.3214  31.025994    32.8034    26.0066 0.0000e+00
    403.432    112.000     4.3220  31.025618    32.8029    26.0061 0.0000e+00
    407.105    111.000     4.3233  31.025579    32.8021    26.0054 0.0000e+00
    410.870    110.000     4.3240  31.025323    32.8016    26.0049 0.0000e+00
    414.436    109.000     4.3242  31.024957    32.8015    26.0048 0.0000e+00
    417.996    108.000     4.3240  31.024402    32.8015    26.0049 0.0000e+00
    421.808    107.000     4.3228  31.023489    32.8022    26.0055 0.0000e+00
    425.429    106.000     4.3243  31.023526    32.8012    26.0046 0.0000e+00
    429.413    105.000     4.3192  31.021656    32.8046    26.0078 0.0000e+00
    433.304    104.000     4.3060  31.017398    32.8133    26.0161 0.0000e+00
    436.925    103.000     4.3051  31.016461    32.8136    26.0164 0.0000e+00
    441.375    102.000     4.3065  31.016367    32.8126    26.0155 0.0000e+00
    445.541    101.000     4.3057  31.015565    32.8130    26.0159 0.0000e+00
    449.741    100.000     4.3045  31.014489    32.8135    26.0163 0.0000e+00
    453.914     99.000     4.3038  31.013754    32.8138    26.0167 0.0000e+00
    458.265     98.000     4.3046  31.013420    32.8131    26.0161 0.0000e+00
    463.493     97.000     4.3056  31.013179    32.8124    26.0154 0.0000e+00
    468.464     96.000     4.3081  31.013376    32.8106    26.0137 0.0000e+00
    473.451     95.000     4.3108  31.013768    32.8089    26.0121 0.0000e+00
    477.448     94.000     4.3094  31.012846    32.8097    26.0129 0.0000e+00
    481.780     93.000     4.3159  31.014376    32.8056    26.0089 0.0000e+00
    485.820     92.000     4.3151  31.013771    32.8062    26.0095 0.0000e+00
    490.448     91.000     4.3157  31.013434    32.8057    26.0090 0.0000e+00
    495.160     90.000     4.3147  31.012754    32.8064    26.0097 0.0000e+00
    500.942     89.000     4.3098  31.011171    32.8099    26.0130 0.0000e+00
    507.789     88.000     4.3075  31.010304    32.8117    26.0147 0.0000e+00
    513.928     87.000     4.3065  31.009505    32.8123    26.0152 0.0000e+00
    519.981     86.000     4.3104  31.009324    32.8087    26.0120 0.0000e+00
    525.709     85.000     4.3115  31.009180    32.8080    26.0113 0.0000e+00
    531.412     84.000     4.3105  31.008399    32.8086    26.0118 0.0000e+00
    537.903     83.000     4.3087  31.007655    32.8100    26.0132 0.0000e+00
    543.544     82.000     4.3093  31.007272    32.8095    26.0127 0.0000e+00
    549.306     81.000     4.3029  31.007166    32.8162    26.0187 0.0000e+00
    554.786     80.000     4.3066  31.012493    32.8193    26.0208 0.0000e+00
    560.671     79.000     4.3002  31.007477    32.8203    26.0222 0.0000e+00
    566.849     78.000     4.2979  31.005833    32.8212    26.0232 0.0000e+00
    573.488     77.000     4.3114  31.014775    32.8187    26.0198 0.0000e+00
    578.251     76.000     4.3096  31.013588    32.8197    26.0207 0.0000e+00
    583.057     75.000     4.3060  31.011021    32.8208    26.0220 0.0000e+00
    588.209     74.000     4.3035  31.008834    32.8212    26.0226 0.0000e+00
    594.269     73.000     4.3008  31.007123    32.8224    26.0238 0.0000e+00
    599.799     72.000     4.3024  31.007901    32.8222    26.0235 0.0000e+00
    604.120     71.000     4.3021  31.007267    32.8223    26.0236 0.0000e+00
    608.788     70.000     4.3030  31.007271    32.8219    26.0232 0.0000e+00
    613.216     69.000     4.3081  31.009728    32.8202    26.0214 0.0000e+00
    618.512     68.000     4.3110  31.010862    32.8192    26.0202 0.0000e+00
    623.580     67.000     4.3089  31.009494    32.8202    26.0212 0.0000e+00
    628.353     66.000     4.3088  31.009075    32.8203    26.0214 0.0000e+00
    632.901     65.000     4.3109  31.009656    32.8194    26.0204 0.0000e+00
    637.009     64.000     4.3144  31.010903    32.8179    26.0189 0.0000e+00
    641.492     63.000     4.3174  31.012054    32.8168    26.0177 0.0000e+00
    645.837     62.000     4.3175  31.011628    32.8167    26.0176 0.0000e+00
    650.160     61.000     4.3226  31.013901    32.8148    26.0156 0.0000e+00
    654.393     60.000     4.3275  31.015989    32.8129    26.0135 0.0000e+00
    658.554     59.000     4.3339  31.018807    32.8103    26.0108 0.0000e+00
    662.706     58.000     4.3426  31.022063    32.8060    26.0065 0.0000e+00
    666.522     57.000     4.3494  31.023615    32.8015    26.0023 0.0000e+00
    670.523     56.000     4.3515  31.022981    32.7992    26.0002 0.0000e+00
    674.646     55.000     4.3529  31.023220    32.7986    25.9996 0.0000e+00
    678.399     54.000     4.3556  31.024655    32.7981    25.9989 0.0000e+00
    682.874     53.000     4.3570  31.025626    32.7984    25.9990 0.0000e+00
    687.171     52.000     4.3574  31.026088    32.7990    25.9994 0.0000e+00
    691.594     51.000     4.3587  31.026468    32.7987    25.9990 0.0000e+00
    695.162     50.000     4.3655  31.029344    32.7958    25.9961 0.0000e+00
    699.095     49.000     4.3727  31.032829    32.7933    25.9933 0.0000e+00
    702.869     48.000     4.3784  31.035703    32.7915    25.9912 0.0000e+00
    706.442     47.000     4.3850  31.039317    32.7896    25.9891 0.0000e+00
    710.443     46.000     4.3895  31.041572    32.7883    25.9876 0.0000e+00
    713.848     45.000     4.3910  31.042109    32.7880    25.9872 0.0000e+00
    717.481     44.000     4.3950  31.044396    32.7872    25.9861 0.0000e+00
    720.849     43.000     4.3984  31.046271    32.7865    25.9852 0.0000e+00
    724.650     42.000     4.4078  31.050395    32.7825    25.9811 0.0000e+00
    728.168     41.000     4.4117  31.052220    32.7812    25.9797 0.0000e+00
