data/seacat/current/bon018.cnv
* Sea-Bird SBE 19plus Data File:
* FileName = C:\Sea-Bird Data\2014\DY1405\Casts\BON018.hex
* Software Version Seasave V 7.22.3
* Temperature SN = 4530
* Conductivity SN = 4530
* System UpLoad Time = May 09 2014 19:54:29
* Real-Time Sample Interval = 0.2500 seconds
* System UTC = May 09 2014 19:54:29
# nquan = 7                                 
# nvalues = 133                         
# units = specified
# name 0 = timeS: Time, Elapsed [seconds]
# name 1 = prdM: Pressure, Strain Gauge [db]
# name 2 = tv290C: Temperature [ITS-90, deg C]
# name 3 = c0mS/cm: Conductivity [mS/cm]
# name 4 = sal00: Salinity, Practical [PSU]
# name 5 = sigma-t00: Density [sigma-t, Kg/m^3 ]
# name 6 = flag: flag
# span 0 =     82.854,    522.013       
# span 1 =      1.000,     67.000       
# span 2 =     2.4606,     4.8371       
# span 3 =  21.716682,  30.572999       
# span 4 =    21.8575,    32.1094       
# span 5 =    17.2876,    25.5724       
# span 6 = 0.0000e+00, 0.0000e+00       
# interval = decibars: 1                
# start_time = May 09 2014 19:54:29 [System UTC, header]
# bad_flag = -9.990e-29
*END*
     82.854      1.000     4.8371  21.716682    21.8575    17.2876 0.0000e+00
     84.793      2.000     4.4739  30.323316    31.8907    25.2663 0.0000e+00
     86.529      3.000     4.5085  30.338249    31.8741    25.2497 0.0000e+00
     88.060      4.000     4.4769  30.384576    31.9580    25.3195 0.0000e+00
     95.526      5.000     4.5683  30.466552    31.9642    25.3150 0.0000e+00
     99.362      6.000     4.6031  30.489411    31.9566    25.3053 0.0000e+00
    101.051      7.000     4.6691  30.514070    31.9209    25.2702 0.0000e+00
    103.036      8.000     4.6491  30.532244    31.9607    25.3038 0.0000e+00
    105.413      9.000     4.5973  30.535743    32.0144    25.3518 0.0000e+00
    107.272     10.000     4.5888  30.544428    32.0322    25.3668 0.0000e+00
    108.871     11.000     4.6764  30.548978    31.9523    25.2942 0.0000e+00
    111.356     12.000     4.6492  30.537443    31.9647    25.3069 0.0000e+00
    113.755     13.000     4.5544  30.556853    32.0784    25.4071 0.0000e+00
    115.783     14.000     4.5775  30.569451    32.0701    25.3981 0.0000e+00
    118.163     15.000     4.6243  30.572999    32.0284    25.3601 0.0000e+00
    121.179     16.000     4.4677  30.512283    32.1094    25.4406 0.0000e+00
    123.024     17.000     3.9887  29.937410    31.9024    25.3239 0.0000e+00
    125.057     18.000     3.8408  29.763110    31.8405    25.2887 0.0000e+00
    127.834     19.000     3.8158  29.734153    31.8301    25.2828 0.0000e+00
    129.612     20.000     3.8131  29.731051    31.8285    25.2818 0.0000e+00
    131.196     21.000     3.8097  29.727954    31.8277    25.2815 0.0000e+00
    133.438     22.000     3.8081  29.726510    31.8270    25.2811 0.0000e+00
    135.941     23.000     3.8067  29.725169    31.8263    25.2806 0.0000e+00
    137.923     24.000     3.8053  29.724280    31.8261    25.2806 0.0000e+00
    139.679     25.000     3.8034  29.722925    31.8258    25.2806 0.0000e+00
    142.341     26.000     3.8018  29.721909    31.8257    25.2806 0.0000e+00
    144.728     27.000     3.8004  29.721230    31.8257    25.2808 0.0000e+00
    146.696     28.000     3.7998  29.721273    31.8259    25.2809 0.0000e+00
    149.645     29.000     3.7996  29.721724    31.8261    25.2811 0.0000e+00
    151.480     30.000     3.7975  29.721669    31.8275    25.2825 0.0000e+00
    154.183     31.000     3.7970  29.728797    31.8360    25.2892 0.0000e+00
    156.446     32.000     3.7872  29.727445    31.8434    25.2961 0.0000e+00
    158.422     33.000     3.7708  29.715587    31.8449    25.2988 0.0000e+00
    160.647     34.000     3.7618  29.709346    31.8457    25.3003 0.0000e+00
    162.945     35.000     3.6587  29.645042    31.8698    25.3290 0.0000e+00
    164.778     36.000     2.9891  29.186928    31.9804    25.4762 0.0000e+00
    166.516     37.000     2.5706  28.892705    32.0395    25.5574 0.0000e+00
    168.940     38.000     2.4854  28.831846    32.0499    25.5724 0.0000e+00
    171.522     39.000     2.4741  28.821107    32.0475    25.5714 0.0000e+00
    173.090     40.000     2.4692  28.816371    32.0461    25.5706 0.0000e+00
    175.006     41.000     2.4674  28.814590    32.0452    25.5700 0.0000e+00
    178.329     42.000     2.4681  28.814363    32.0437    25.5688 0.0000e+00
    180.043     43.000     2.4667  28.812872    32.0427    25.5681 0.0000e+00
    181.620     44.000     2.4657  28.812238    32.0424    25.5680 0.0000e+00
    184.371     45.000     2.4650  28.811740    32.0419    25.5677 0.0000e+00
    186.652     46.000     2.4642  28.811197    32.0415    25.5674 0.0000e+00
    188.516     47.000     2.4633  28.810734    32.0413    25.5673 0.0000e+00
    190.848     48.000     2.4633  28.810852    32.0410    25.5670 0.0000e+00
    193.144     49.000     2.4629  28.810764    32.0407    25.5668 0.0000e+00
    195.071     50.000     2.4628  28.810986    32.0406    25.5667 0.0000e+00
    197.253     51.000     2.4629  28.811334    32.0403    25.5665 0.0000e+00
    199.774     52.000     2.4632  28.811918    32.0402    25.5664 0.0000e+00
    201.666     53.000     2.4629  28.812091    32.0402    25.5664 0.0000e+00
    203.686     54.000     2.4629  28.812345    32.0400    25.5662 0.0000e+00
    206.040     55.000     2.4630  28.812834    32.0400    25.5662 0.0000e+00
    208.271     56.000     2.4629  28.813143    32.0399    25.5662 0.0000e+00
    210.268     57.000     2.4627  28.813257    32.0397    25.5660 0.0000e+00
    212.425     58.000     2.4627  28.813640    32.0396    25.5660 0.0000e+00
    214.679     59.000     2.4628  28.814104    32.0396    25.5659 0.0000e+00
    216.805     60.000     2.4627  28.814548    32.0397    25.5660 0.0000e+00
    218.829     61.000     2.4625  28.814866    32.0397    25.5661 0.0000e+00
    221.001     62.000     2.4621  28.814869    32.0396    25.5660 0.0000e+00
    223.300     63.000     2.4620  28.815193    32.0396    25.5660 0.0000e+00
    225.298     64.000     2.4619  28.815469    32.0395    25.5659 0.0000e+00
    227.019     65.000     2.4618  28.815887    32.0396    25.5660 0.0000e+00
    230.135     66.000     2.4621  28.816552    32.0395    25.5660 0.0000e+00
    236.581     67.000     2.4630  28.817658    32.0395    25.5658 0.0000e+00
    237.862     66.000     2.4626  28.816970    32.0396    25.5659 0.0000e+00
    242.679     65.000     2.4626  28.816506    32.0395    25.5659 0.0000e+00
    246.162     64.000     2.4625  28.815969    32.0395    25.5659 0.0000e+00
    248.737     63.000     2.4624  28.815526    32.0396    25.5660 0.0000e+00
    251.625     62.000     2.4622  28.814840    32.0395    25.5659 0.0000e+00
    255.656     61.000     2.4623  28.814589    32.0396    25.5660 0.0000e+00
    257.508     60.000     2.4624  28.814210    32.0396    25.5660 0.0000e+00
    263.124     59.000     2.4622  28.813537    32.0395    25.5659 0.0000e+00
    265.403     58.000     2.4623  28.813223    32.0395    25.5659 0.0000e+00
    270.826     57.000     2.4618  28.812530    32.0397    25.5661 0.0000e+00
    273.722     56.000     2.4618  28.812175    32.0398    25.5662 0.0000e+00
    277.934     55.000     2.4620  28.811824    32.0397    25.5661 0.0000e+00
    281.156     54.000     2.4617  28.810547    32.0390    25.5655 0.0000e+00
    286.001     53.000     2.4614  28.810585    32.0399    25.5663 0.0000e+00
    289.110     52.000     2.4613  28.810030    32.0398    25.5662 0.0000e+00
    294.269     51.000     2.4613  28.809539    32.0398    25.5662 0.0000e+00
    298.192     50.000     2.4613  28.809139    32.0398    25.5662 0.0000e+00
    303.449     49.000     2.4614  28.808830    32.0398    25.5663 0.0000e+00
    307.319     48.000     2.4612  28.808255    32.0399    25.5663 0.0000e+00
    311.635     47.000     2.4610  28.807678    32.0399    25.5663 0.0000e+00
    315.588     46.000     2.4615  28.807687    32.0399    25.5663 0.0000e+00
    319.634     45.000     2.4620  28.807590    32.0399    25.5662 0.0000e+00
    324.627     44.000     2.4606  28.806110    32.0400    25.5664 0.0000e+00
    329.135     43.000     2.4615  28.806347    32.0399    25.5663 0.0000e+00
    334.326     42.000     2.4628  28.806881    32.0398    25.5661 0.0000e+00
    339.770     41.000     2.4643  28.807498    32.0396    25.5658 0.0000e+00
    344.800     40.000     2.4644  28.807124    32.0396    25.5658 0.0000e+00
    349.465     39.000     2.4648  28.806902    32.0394    25.5656 0.0000e+00
    355.653     38.000     2.4716  28.811365    32.0386    25.5645 0.0000e+00
    360.133     37.000     2.4812  28.816937    32.0363    25.5619 0.0000e+00
    365.256     36.000     3.2131  29.309690    31.9066    25.3982 0.0000e+00
    370.364     35.000     3.7411  29.682867    31.8341    25.2930 0.0000e+00
    375.767     34.000     3.7554  29.698813    31.8395    25.2960 0.0000e+00
    381.690     33.000     3.7695  29.711994    31.8419    25.2965 0.0000e+00
    387.650     32.000     3.7648  29.705332    31.8391    25.2948 0.0000e+00
    392.688     31.000     3.7579  29.694845    31.8339    25.2913 0.0000e+00
    397.673     30.000     3.7668  29.698658    31.8303    25.2875 0.0000e+00
    402.739     29.000     3.7861  29.711932    31.8277    25.2837 0.0000e+00
    410.245     28.000     3.7950  29.718357    31.8271    25.2824 0.0000e+00
    416.754     27.000     3.7977  29.719967    31.8269    25.2820 0.0000e+00
    421.461     26.000     3.8002  29.721184    31.8264    25.2813 0.0000e+00
    426.831     25.000     3.8093  29.727296    31.8253    25.2796 0.0000e+00
    432.047     24.000     3.8313  29.745271    31.8256    25.2778 0.0000e+00
    436.795     23.000     3.8451  29.756602    31.8260    25.2768 0.0000e+00
    441.546     22.000     3.8600  29.768928    31.8266    25.2759 0.0000e+00
    447.498     21.000     3.8867  29.791858    31.8282    25.2746 0.0000e+00
    451.961     20.000     3.8998  29.802845    31.8289    25.2739 0.0000e+00
    457.254     19.000     3.9157  29.816339    31.8298    25.2731 0.0000e+00
    459.819     18.000     3.9305  29.829231    31.8311    25.2728 0.0000e+00
    464.380     17.000     3.9373  29.834785    31.8316    25.2725 0.0000e+00
    466.215     16.000     3.9542  29.849328    31.8328    25.2718 0.0000e+00
    470.101     15.000     3.9888  29.878862    31.8344    25.2698 0.0000e+00
    473.318     14.000     4.0258  29.910571    31.8363    25.2677 0.0000e+00
    477.738     13.000     4.0602  29.940157    31.8381    25.2658 0.0000e+00
    481.290     12.000     4.0768  29.954420    31.8393    25.2651 0.0000e+00
    485.311     11.000     4.0982  29.971642    31.8392    25.2630 0.0000e+00
    487.112     10.000     4.1528  30.017306    31.8403    25.2585 0.0000e+00
    492.262      9.000     4.2491  30.097947    31.8419    25.2503 0.0000e+00
    493.679      8.000     4.3236  30.163085    31.8463    25.2464 0.0000e+00
    497.092      7.000     4.3873  30.217479    31.8487    25.2418 0.0000e+00
    501.226      6.000     4.4060  30.233294    31.8495    25.2406 0.0000e+00
    504.210      5.000     4.4233  30.247993    31.8504    25.2396 0.0000e+00
    508.816      4.000     4.4345  30.257360    31.8510    25.2389 0.0000e+00
    511.500      3.000     4.4479  30.268512    31.8515    25.2380 0.0000e+00
    516.347      2.000     4.4641  30.281699    31.8517    25.2365 0.0000e+00
    522.013      1.000     4.4846  30.226978    31.7689    25.1686 0.0000e+00
