data/seacat/current/bon048.cnv
* Sea-Bird SBE 19plus Data File:
* FileName = C:\Sea-Bird Data\2014\DY1405\Casts\BON048.hex
* Software Version Seasave V 7.22.3
* Temperature SN = 4530
* Conductivity SN = 4530
* System UpLoad Time = May 16 2014 11:44:36
* Real-Time Sample Interval = 0.2500 seconds
* System UTC = May 16 2014 11:44:36
# nquan = 7                                 
# nvalues = 607                         
# units = specified
# name 0 = timeS: Time, Elapsed [seconds]
# name 1 = prdM: Pressure, Strain Gauge [db]
# name 2 = tv290C: Temperature [ITS-90, deg C]
# name 3 = c0mS/cm: Conductivity [mS/cm]
# name 4 = sal00: Salinity, Practical [PSU]
# name 5 = sigma-t00: Density [sigma-t, Kg/m^3 ]
# name 6 = flag: flag
# span 0 =    328.380,   2110.946       
# span 1 =      1.000,    304.000       
# span 2 =     3.4152,     6.1602       
# span 3 =  27.111587,  32.319205       
# span 4 =    27.0350,    33.5872       
# span 5 =    21.2798,    26.6701       
# span 6 = 0.0000e+00, 0.0000e+00       
# interval = decibars: 1                
# start_time = May 16 2014 11:44:36 [System UTC, header]
# bad_flag = -9.990e-29
*END*
    328.380      1.000     5.8679  27.111587    27.0350    21.2798 0.0000e+00
    331.937      2.000     6.0648  32.167697    32.4621    25.5397 0.0000e+00
    336.766      3.000     6.0186  31.952304    32.2650    25.3897 0.0000e+00
    340.776      4.000     5.9356  31.863902    32.2446    25.3837 0.0000e+00
    342.591      5.000     5.9296  31.858000    32.2433    25.3833 0.0000e+00
    344.734      6.000     5.9393  31.865704    32.2422    25.3813 0.0000e+00
    346.675      7.000     5.9650  31.837192    32.1853    25.3332 0.0000e+00
    348.549      8.000     5.9556  31.821339    32.1760    25.3270 0.0000e+00
    350.434      9.000     5.9677  31.806645    32.1475    25.3031 0.0000e+00
    352.708     10.000     5.9624  31.862069    32.2141    25.3563 0.0000e+00
    354.769     11.000     5.9448  31.823734    32.1875    25.3374 0.0000e+00
    357.171     12.000     5.9079  31.832772    32.2323    25.3772 0.0000e+00
    359.271     13.000     5.8702  31.812750    32.2453    25.3920 0.0000e+00
    361.452     14.000     5.8571  31.795466    32.2379    25.3878 0.0000e+00
    363.532     15.000     5.8428  31.793681    32.2491    25.3983 0.0000e+00
    365.566     16.000     5.7567  31.812702    32.3524    25.4902 0.0000e+00
    367.405     17.000     5.2635  31.577103    32.5615    25.7129 0.0000e+00
    369.203     18.000     4.8644  31.333739    32.6722    25.8450 0.0000e+00
    371.187     19.000     4.8235  31.308408    32.6827    25.8578 0.0000e+00
    373.052     20.000     4.8124  31.298331    32.6815    25.8580 0.0000e+00
    374.845     21.000     4.7966  31.286049    32.6823    25.8604 0.0000e+00
    376.877     22.000     4.7779  31.271809    32.6838    25.8636 0.0000e+00
    379.041     23.000     4.7504  31.249817    32.6849    25.8674 0.0000e+00
    381.153     24.000     4.7288  31.232951    32.6862    25.8708 0.0000e+00
    383.268     25.000     4.7116  31.220502    32.6882    25.8742 0.0000e+00
    385.310     26.000     4.6973  31.211950    32.6919    25.8787 0.0000e+00
    387.274     27.000     4.6643  31.197462    32.7072    25.8943 0.0000e+00
    389.247     28.000     4.6382  31.193721    32.7281    25.9137 0.0000e+00
    391.139     29.000     4.6133  31.185180    32.7423    25.9276 0.0000e+00
    393.062     30.000     4.5969  31.182148    32.7545    25.9390 0.0000e+00
    394.988     31.000     4.5917  31.186554    32.7643    25.9473 0.0000e+00
    396.850     32.000     4.5857  31.190454    32.7743    25.9559 0.0000e+00
    398.837     33.000     4.5636  31.183788    32.7879    25.9691 0.0000e+00
    400.956     34.000     4.5345  31.170571    32.8009    25.9824 0.0000e+00
    402.787     35.000     4.5007  31.149280    32.8091    25.9925 0.0000e+00
    404.704     36.000     4.4809  31.136427    32.8133    25.9979 0.0000e+00
    406.808     37.000     4.4702  31.129570    32.8154    26.0007 0.0000e+00
    408.770     38.000     4.4430  31.110332    32.8195    26.0068 0.0000e+00
    410.611     39.000     4.4152  31.090625    32.8237    26.0130 0.0000e+00
    412.498     40.000     4.3990  31.083385    32.8308    26.0204 0.0000e+00
    414.554     41.000     4.3853  31.089782    32.8514    26.0382 0.0000e+00
    416.609     42.000     4.3674  31.088514    32.8673    26.0526 0.0000e+00
    418.445     43.000     4.3401  31.067470    32.8694    26.0571 0.0000e+00
    420.287     44.000     4.2932  31.028290    32.8698    26.0622 0.0000e+00
    422.215     45.000     4.2568  30.999807    32.8722    26.0679 0.0000e+00
    424.251     46.000     4.2601  31.009463    32.8797    26.0735 0.0000e+00
    426.136     47.000     4.3080  31.059435    32.8899    26.0767 0.0000e+00
    427.996     48.000     4.3872  31.145391    32.9110    26.0852 0.0000e+00
    430.014     49.000     4.4120  31.174156    32.9193    26.0893 0.0000e+00
    432.113     50.000     4.4424  31.209531    32.9298    26.0944 0.0000e+00
    434.129     51.000     4.4676  31.239753    32.9394    26.0994 0.0000e+00
    436.135     52.000     4.4686  31.244582    32.9435    26.1026 0.0000e+00
    438.182     53.000     4.4626  31.243387    32.9476    26.1064 0.0000e+00
    440.178     54.000     4.4692  31.253196    32.9519    26.1092 0.0000e+00
    442.122     55.000     4.4805  31.265762    32.9548    26.1103 0.0000e+00
    444.092     56.000     4.4855  31.273135    32.9579    26.1122 0.0000e+00
    445.964     57.000     4.4697  31.263706    32.9622    26.1173 0.0000e+00
    447.737     58.000     4.4461  31.247468    32.9663    26.1230 0.0000e+00
    449.689     59.000     4.4361  31.241013    32.9682    26.1256 0.0000e+00
    451.609     60.000     4.4319  31.238541    32.9690    26.1266 0.0000e+00
    453.413     61.000     4.4294  31.238173    32.9705    26.1281 0.0000e+00
    455.194     62.000     4.4295  31.241953    32.9743    26.1311 0.0000e+00
    457.060     63.000     4.4145  31.231368    32.9765    26.1344 0.0000e+00
    458.899     64.000     4.3610  31.181502    32.9711    26.1357 0.0000e+00
    460.621     65.000     4.3038  31.129289    32.9667    26.1381 0.0000e+00
    462.411     66.000     4.2578  31.087104    32.9628    26.1398 0.0000e+00
    464.394     67.000     4.2379  31.069019    32.9610    26.1404 0.0000e+00
    466.390     68.000     4.2788  31.113996    32.9723    26.1451 0.0000e+00
    468.396     69.000     4.2530  31.090847    32.9704    26.1463 0.0000e+00
    470.444     70.000     4.2168  31.058716    32.9685    26.1485 0.0000e+00
    472.545     71.000     4.1724  31.021185    32.9684    26.1529 0.0000e+00
    474.425     72.000     4.0870  30.943530    32.9622    26.1566 0.0000e+00
    476.237     73.000     4.0465  30.908879    32.9615    26.1601 0.0000e+00
    478.173     74.000     4.0300  30.895281    32.9615    26.1618 0.0000e+00
    480.125     75.000     4.0150  30.885454    32.9645    26.1656 0.0000e+00
    481.995     76.000     4.0049  30.880928    32.9688    26.1700 0.0000e+00
    483.862     77.000     3.9989  30.879057    32.9721    26.1733 0.0000e+00
    485.871     78.000     3.9969  30.878565    32.9730    26.1742 0.0000e+00
    487.871     79.000     3.9956  30.877937    32.9730    26.1744 0.0000e+00
    489.684     80.000     3.9934  30.876897    32.9735    26.1749 0.0000e+00
    491.593     81.000     3.9909  30.876337    32.9748    26.1763 0.0000e+00
    493.721     82.000     3.9897  30.878472    32.9780    26.1789 0.0000e+00
    495.745     83.000     3.9903  30.885873    32.9857    26.1849 0.0000e+00
    497.641     84.000     3.9886  30.890310    32.9921    26.1902 0.0000e+00
    499.660     85.000     3.9798  30.888289    32.9980    26.1958 0.0000e+00
    501.673     86.000     3.9667  30.881370    33.0025    26.2007 0.0000e+00
    503.659     87.000     3.9524  30.874816    33.0087    26.2070 0.0000e+00
    505.611     88.000     3.9450  30.870821    33.0109    26.2095 0.0000e+00
    507.402     89.000     3.9429  30.869952    33.0115    26.2101 0.0000e+00
    509.349     90.000     3.9378  30.867917    33.0137    26.2124 0.0000e+00
    511.450     91.000     3.9298  30.864523    33.0172    26.2160 0.0000e+00
    513.431     92.000     3.9197  30.860150    33.0217    26.2206 0.0000e+00
    515.397     93.000     3.9138  30.858179    33.0248    26.2236 0.0000e+00
    517.303     94.000     3.9053  30.856661    33.0310    26.2294 0.0000e+00
    519.232     95.000     3.8982  30.856229    33.0372    26.2350 0.0000e+00
    521.169     96.000     3.8948  30.856642    33.0406    26.2381 0.0000e+00
    523.120     97.000     3.8926  30.857258    33.0430    26.2402 0.0000e+00
    525.078     98.000     3.8924  30.859964    33.0459    26.2425 0.0000e+00
    527.215     99.000     3.8942  30.863814    33.0481    26.2441 0.0000e+00
    529.151    100.000     3.8933  30.864467    33.0493    26.2451 0.0000e+00
    530.942    101.000     3.8906  30.863791    33.0507    26.2465 0.0000e+00
    532.929    102.000     3.8892  30.863594    33.0513    26.2472 0.0000e+00
    534.862    103.000     3.8845  30.861220    33.0528    26.2487 0.0000e+00
    536.664    104.000     3.8809  30.859417    33.0537    26.2499 0.0000e+00
    538.584    105.000     3.8742  30.854902    33.0546    26.2512 0.0000e+00
    540.634    106.000     3.8674  30.850127    33.0553    26.2525 0.0000e+00
    542.629    107.000     3.8626  30.847988    33.0571    26.2544 0.0000e+00
    544.372    108.000     3.8578  30.846394    33.0595    26.2568 0.0000e+00
    546.309    109.000     3.8535  30.845112    33.0618    26.2590 0.0000e+00
    548.461    110.000     3.8448  30.840904    33.0651    26.2625 0.0000e+00
    550.466    111.000     3.8356  30.835929    33.0680    26.2657 0.0000e+00
    552.282    112.000     3.8327  30.834845    33.0691    26.2669 0.0000e+00
    554.239    113.000     3.8280  30.832587    33.0707    26.2685 0.0000e+00
    556.245    114.000     3.8215  30.829613    33.0732    26.2712 0.0000e+00
    558.157    115.000     3.8167  30.827796    33.0754    26.2734 0.0000e+00
    560.174    116.000     3.8108  30.825422    33.0780    26.2761 0.0000e+00
    562.193    117.000     3.8030  30.822240    33.0816    26.2797 0.0000e+00
    564.183    118.000     3.7933  30.817488    33.0853    26.2835 0.0000e+00
    566.158    119.000     3.7864  30.813314    33.0868    26.2854 0.0000e+00
    568.213    120.000     3.7785  30.808135    33.0881    26.2872 0.0000e+00
    570.329    121.000     3.7743  30.805627    33.0888    26.2882 0.0000e+00
    572.309    122.000     3.7689  30.802229    33.0898    26.2895 0.0000e+00
    574.153    123.000     3.7642  30.799694    33.0910    26.2909 0.0000e+00
    576.223    124.000     3.7613  30.798990    33.0926    26.2924 0.0000e+00
    578.348    125.000     3.7591  30.799718    33.0951    26.2947 0.0000e+00
    580.359    126.000     3.7605  30.802210    33.0961    26.2954 0.0000e+00
    582.344    127.000     3.7632  30.806140    33.0976    26.2962 0.0000e+00
    584.424    128.000     3.7622  30.807011    33.0991    26.2975 0.0000e+00
    586.510    129.000     3.7597  30.806195    33.1001    26.2986 0.0000e+00
    588.382    130.000     3.7573  30.805338    33.1010    26.2995 0.0000e+00
    590.361    131.000     3.7542  30.804314    33.1024    26.3010 0.0000e+00
    592.472    132.000     3.7514  30.803501    33.1038    26.3023 0.0000e+00
    594.479    133.000     3.7498  30.803027    33.1043    26.3029 0.0000e+00
    596.368    134.000     3.7482  30.802673    33.1050    26.3036 0.0000e+00
    598.150    135.000     3.7443  30.802162    33.1078    26.3062 0.0000e+00
    600.161    136.000     3.7336  30.798836    33.1142    26.3123 0.0000e+00
    602.161    137.000     3.7262  30.795623    33.1173    26.3155 0.0000e+00
    604.099    138.000     3.7224  30.793861    33.1186    26.3169 0.0000e+00
    606.067    139.000     3.7180  30.791243    33.1194    26.3180 0.0000e+00
    608.188    140.000     3.7157  30.790056    33.1198    26.3185 0.0000e+00
    610.251    141.000     3.7080  30.784502    33.1205    26.3198 0.0000e+00
    612.302    142.000     3.6941  30.774115    33.1217    26.3221 0.0000e+00
    614.360    143.000     3.6753  30.759625    33.1230    26.3249 0.0000e+00
    616.414    144.000     3.6613  30.749379    33.1245    26.3275 0.0000e+00
    618.524    145.000     3.6376  30.730003    33.1249    26.3301 0.0000e+00
    620.576    146.000     3.6172  30.713904    33.1259    26.3328 0.0000e+00
    622.614    147.000     3.6024  30.702674    33.1270    26.3351 0.0000e+00
    624.840    148.000     3.5883  30.691960    33.1281    26.3373 0.0000e+00
    627.085    149.000     3.5773  30.683865    33.1291    26.3391 0.0000e+00
    629.113    150.000     3.5486  30.660125    33.1294    26.3421 0.0000e+00
    631.132    151.000     3.5297  30.645280    33.1303    26.3446 0.0000e+00
    633.469    152.000     3.5206  30.638351    33.1308    26.3458 0.0000e+00
    635.769    153.000     3.5068  30.627798    33.1317    26.3478 0.0000e+00
    637.528    154.000     3.4929  30.617006    33.1324    26.3497 0.0000e+00
    639.247    155.000     3.4727  30.600572    33.1328    26.3519 0.0000e+00
    641.002    156.000     3.4619  30.592478    33.1336    26.3535 0.0000e+00
    643.033    157.000     3.4614  30.592897    33.1340    26.3540 0.0000e+00
    645.035    158.000     3.4600  30.592362    33.1343    26.3543 0.0000e+00
    646.941    159.000     3.4555  30.589384    33.1348    26.3551 0.0000e+00
    649.023    160.000     3.4618  30.599521    33.1400    26.3587 0.0000e+00
    651.309    161.000     3.4587  30.597896    33.1407    26.3595 0.0000e+00
    653.671    162.000     3.4643  30.605695    33.1438    26.3615 0.0000e+00
    655.844    163.000     3.4714  30.615393    33.1476    26.3639 0.0000e+00
    657.914    164.000     3.4597  30.606631    33.1485    26.3657 0.0000e+00
    660.098    165.000     3.4304  30.581625    33.1479    26.3679 0.0000e+00
    662.232    166.000     3.4197  30.574032    33.1492    26.3699 0.0000e+00
    664.125    167.000     3.4152  30.571071    33.1497    26.3708 0.0000e+00
    665.915    168.000     3.4172  30.574314    33.1510    26.3716 0.0000e+00
    667.730    169.000     3.4213  30.579497    33.1525    26.3724 0.0000e+00
    669.591    170.000     3.4311  30.590874    33.1557    26.3740 0.0000e+00
    671.556    171.000     3.4420  30.603384    33.1590    26.3757 0.0000e+00
    673.512    172.000     3.4543  30.617752    33.1631    26.3778 0.0000e+00
    675.518    173.000     3.4579  30.622636    33.1648    26.3788 0.0000e+00
    677.624    174.000     3.4638  30.629871    33.1669    26.3799 0.0000e+00
    679.858    175.000     3.4817  30.650313    33.1726    26.3828 0.0000e+00
    682.152    176.000     3.4946  30.664717    33.1762    26.3844 0.0000e+00
    684.257    177.000     3.4998  30.670904    33.1777    26.3852 0.0000e+00
    686.353    178.000     3.5041  30.676187    33.1792    26.3859 0.0000e+00
    688.474    179.000     3.5097  30.682823    33.1809    26.3867 0.0000e+00
    690.669    180.000     3.5198  30.693963    33.1834    26.3878 0.0000e+00
    692.706    181.000     3.5279  30.702918    33.1853    26.3886 0.0000e+00
    694.733    182.000     3.5344  30.710587    33.1873    26.3895 0.0000e+00
    696.893    183.000     3.5417  30.718977    33.1894    26.3905 0.0000e+00
    698.896    184.000     3.5717  30.752566    33.1984    26.3949 0.0000e+00
    700.878    185.000     3.5939  30.775786    33.2030    26.3964 0.0000e+00
    702.884    186.000     3.6028  30.784893    33.2042    26.3966 0.0000e+00
    705.001    187.000     3.6072  30.789939    33.2053    26.3970 0.0000e+00
    707.103    188.000     3.6095  30.792983    33.2060    26.3973 0.0000e+00
    709.120    189.000     3.6117  30.795883    33.2067    26.3977 0.0000e+00
    711.112    190.000     3.6157  30.800730    33.2079    26.3982 0.0000e+00
    713.193    191.000     3.6237  30.811649    33.2123    26.4009 0.0000e+00
    715.194    192.000     3.6308  30.820929    33.2156    26.4029 0.0000e+00
    717.238    193.000     3.6415  30.834291    33.2201    26.4055 0.0000e+00
    719.340    194.000     3.6575  30.853496    33.2261    26.4088 0.0000e+00
    721.403    195.000     3.6652  30.863182    33.2293    26.4106 0.0000e+00
    723.304    196.000     3.6721  30.872200    33.2325    26.4124 0.0000e+00
    725.153    197.000     3.6880  30.892149    33.2396    26.4165 0.0000e+00
    727.000    198.000     3.6993  30.906322    33.2444    26.4193 0.0000e+00
    728.906    199.000     3.7083  30.917607    33.2482    26.4214 0.0000e+00
    730.815    200.000     3.7219  30.934921    33.2544    26.4251 0.0000e+00
    732.574    201.000     3.7307  30.946987    33.2593    26.4281 0.0000e+00
    734.336    202.000     3.7361  30.955865    33.2638    26.4312 0.0000e+00
    736.196    203.000     3.7416  30.963975    33.2673    26.4334 0.0000e+00
    738.122    204.000     3.7455  30.969180    33.2690    26.4344 0.0000e+00
    739.852    205.000     3.7597  30.988196    33.2766    26.4391 0.0000e+00
