data/seacat/current/bon036.cnv
* Sea-Bird SBE 19plus Data File:
* FileName = C:\Sea-Bird Data\2014\DY1405\Casts\BON036.hex
* Software Version Seasave V 7.22.3
* Temperature SN = 4530
* Conductivity SN = 4530
* System UpLoad Time = May 11 2014 17:33:35
* Real-Time Sample Interval = 0.2500 seconds
* System UTC = May 11 2014 17:33:35
# nquan = 7                                 
# nvalues = 121                         
# units = specified
# name 0 = timeS: Time, Elapsed [seconds]
# name 1 = prdM: Pressure, Strain Gauge [db]
# name 2 = tv290C: Temperature [ITS-90, deg C]
# name 3 = c0mS/cm: Conductivity [mS/cm]
# name 4 = sal00: Salinity, Practical [PSU]
# name 5 = sigma-t00: Density [sigma-t, Kg/m^3 ]
# name 6 = flag: flag
# span 0 =    280.596,    663.323       
# span 1 =      1.000,     61.000       
# span 2 =    -0.8831,     0.0776       
# span 3 =  22.559253,  26.518517       
# span 4 =    26.4550,    31.8939       
# span 5 =    21.2117,    25.6084       
# span 6 = 0.0000e+00, 0.0000e+00       
# interval = decibars: 1                
# start_time = May 11 2014 17:33:35 [System UTC, header]
# bad_flag = -9.990e-29
*END*
    280.596      1.000     0.0776  22.559253    26.4550    21.2117 0.0000e+00
    284.648      2.000    -0.2155  26.518517    31.8939    25.6084 0.0000e+00
    285.939      3.000    -0.1987  26.140773    31.3767    25.1901 0.0000e+00
    290.357      4.000    -0.0765  26.241564    31.3831    25.1903 0.0000e+00
    294.534      5.000    -0.0556  26.319601    31.4636    25.2544 0.0000e+00
    296.726      6.000    -0.0038  26.356074    31.4576    25.2474 0.0000e+00
    298.743      7.000    -0.0662  26.378479    31.5508    25.3253 0.0000e+00
    300.424      8.000    -0.0577  26.401806    31.5722    25.3421 0.0000e+00
    302.298      9.000     0.0357  26.416095    31.4940    25.2750 0.0000e+00
    304.140     10.000    -0.0076  26.435269    31.5632    25.3328 0.0000e+00
    305.950     11.000    -0.0743  26.440227    31.6382    25.3961 0.0000e+00
    307.641     12.000    -0.1288  26.399942    31.6411    25.4007 0.0000e+00
    309.248     13.000    -0.1579  26.404338    31.6765    25.4305 0.0000e+00
    311.072     14.000    -0.0740  26.443197    31.6401    25.3976 0.0000e+00
    313.042     15.000    -0.0004  26.439793    31.5589    25.3289 0.0000e+00
    314.725     16.000    -0.1165  26.309313    31.5066    25.2917 0.0000e+00
    316.296     17.000    -0.2051  26.197062    31.4496    25.2492 0.0000e+00
    318.151     18.000    -0.2269  26.240447    31.5288    25.3141 0.0000e+00
    320.518     19.000    -0.2963  26.107265    31.4240    25.2321 0.0000e+00
    322.505     20.000    -0.3653  26.021755    31.3814    25.2003 0.0000e+00
    324.363     21.000    -0.4218  25.978793    31.3823    25.2031 0.0000e+00
    327.175     22.000    -0.4763  25.938119    31.3840    25.2065 0.0000e+00
    329.616     23.000    -0.5333  25.895350    31.3856    25.2098 0.0000e+00
    331.792     24.000    -0.6429  25.812761    31.3885    25.2159 0.0000e+00
    334.139     25.000    -0.7440  25.737009    31.3917    25.2218 0.0000e+00
    336.657     26.000    -0.8210  25.678244    31.3924    25.2248 0.0000e+00
    338.730     27.000    -0.8363  25.666745    31.3924    25.2252 0.0000e+00
    340.396     28.000    -0.8413  25.662791    31.3917    25.2248 0.0000e+00
    342.659     29.000    -0.8431  25.661556    31.3913    25.2245 0.0000e+00
    345.133     30.000    -0.8503  25.656334    31.3912    25.2247 0.0000e+00
    346.881     31.000    -0.8601  25.648993    31.3910    25.2248 0.0000e+00
    348.768     32.000    -0.8653  25.645434    31.3910    25.2250 0.0000e+00
    350.873     33.000    -0.8716  25.640958    31.3910    25.2252 0.0000e+00
    353.350     34.000    -0.8755  25.638200    31.3908    25.2251 0.0000e+00
    355.094     35.000    -0.8754  25.638547    31.3905    25.2249 0.0000e+00
    356.822     36.000    -0.8763  25.638320    31.3906    25.2250 0.0000e+00
    359.462     37.000    -0.8762  25.638781    31.3905    25.2249 0.0000e+00
    361.297     38.000    -0.8751  25.639892    31.3903    25.2247 0.0000e+00
    363.078     39.000    -0.8757  25.639991    31.3905    25.2249 0.0000e+00
    365.462     40.000    -0.8764  25.639826    31.3904    25.2248 0.0000e+00
    367.433     41.000    -0.8774  25.639587    31.3905    25.2250 0.0000e+00
    369.503     42.000    -0.8789  25.638900    31.3906    25.2251 0.0000e+00
    372.181     43.000    -0.8797  25.638752    31.3907    25.2251 0.0000e+00
    374.269     44.000    -0.8803  25.638660    31.3906    25.2251 0.0000e+00
    376.610     45.000    -0.8804  25.639035    31.3906    25.2251 0.0000e+00
    379.256     46.000    -0.8808  25.639041    31.3904    25.2250 0.0000e+00
    381.843     47.000    -0.8810  25.639536    31.3907    25.2252 0.0000e+00
    383.748     48.000    -0.8810  25.639924    31.3907    25.2252 0.0000e+00
    385.734     49.000    -0.8814  25.640071    31.3907    25.2252 0.0000e+00
    388.173     50.000    -0.8819  25.640170    31.3908    25.2253 0.0000e+00
    390.255     51.000    -0.8825  25.640236    31.3909    25.2254 0.0000e+00
    392.212     52.000    -0.8826  25.640519    31.3908    25.2254 0.0000e+00
    393.949     53.000    -0.8827  25.641003    31.3910    25.2255 0.0000e+00
    395.939     54.000    -0.8827  25.641397    31.3910    25.2255 0.0000e+00
    398.162     55.000    -0.8827  25.641873    31.3910    25.2255 0.0000e+00
    399.849     56.000    -0.8827  25.642223    31.3909    25.2254 0.0000e+00
    401.510     57.000    -0.8827  25.642678    31.3909    25.2254 0.0000e+00
    403.351     58.000    -0.8828  25.643224    31.3912    25.2257 0.0000e+00
    405.270     59.000    -0.8831  25.643358    31.3911    25.2256 0.0000e+00
    407.267     60.000    -0.8831  25.643831    31.3912    25.2256 0.0000e+00
    413.959     61.000    -0.8821  25.644984    31.3911    25.2255 0.0000e+00
    419.626     60.000    -0.8823  25.644605    31.3914    25.2258 0.0000e+00
    422.010     59.000    -0.8818  25.644437    31.3912    25.2256 0.0000e+00
    424.621     58.000    -0.8816  25.644095    31.3911    25.2256 0.0000e+00
    427.555     57.000    -0.8812  25.643911    31.3910    25.2255 0.0000e+00
    430.285     56.000    -0.8815  25.643368    31.3912    25.2256 0.0000e+00
    433.099     55.000    -0.8816  25.642799    31.3911    25.2255 0.0000e+00
    435.823     54.000    -0.8817  25.642356    31.3912    25.2256 0.0000e+00
    438.356     53.000    -0.8815  25.641976    31.3911    25.2255 0.0000e+00
    441.108     52.000    -0.8817  25.641526    31.3912    25.2257 0.0000e+00
    443.827     51.000    -0.8815  25.641192    31.3912    25.2256 0.0000e+00
    446.482     50.000    -0.8814  25.640870    31.3912    25.2256 0.0000e+00
    449.579     49.000    -0.8812  25.640628    31.3913    25.2257 0.0000e+00
    453.275     48.000    -0.8815  25.639932    31.3912    25.2256 0.0000e+00
    457.085     47.000    -0.8814  25.639683    31.3914    25.2257 0.0000e+00
    461.576     46.000    -0.8808  25.639667    31.3913    25.2257 0.0000e+00
    466.839     45.000    -0.8800  25.639853    31.3913    25.2256 0.0000e+00
    470.988     44.000    -0.8782  25.640752    31.3912    25.2255 0.0000e+00
    474.755     43.000    -0.8795  25.639420    31.3913    25.2257 0.0000e+00
    478.317     42.000    -0.8783  25.639847    31.3913    25.2256 0.0000e+00
    481.405     41.000    -0.8776  25.639974    31.3913    25.2256 0.0000e+00
    484.737     40.000    -0.8772  25.639885    31.3913    25.2256 0.0000e+00
    487.648     39.000    -0.8755  25.640649    31.3912    25.2254 0.0000e+00
    491.370     38.000    -0.8739  25.641344    31.3910    25.2252 0.0000e+00
    494.579     37.000    -0.8743  25.640698    31.3911    25.2253 0.0000e+00
    498.625     36.000    -0.8740  25.637105    31.3866    25.2216 0.0000e+00
    502.438     35.000    -0.8715  25.640249    31.3888    25.2234 0.0000e+00
    506.344     34.000    -0.8710  25.641870    31.3910    25.2252 0.0000e+00
    510.621     33.000    -0.8708  25.641650    31.3911    25.2252 0.0000e+00
    514.388     32.000    -0.8630  25.647286    31.3911    25.2250 0.0000e+00
    518.968     31.000    -0.8536  25.653881    31.3908    25.2244 0.0000e+00
    522.751     30.000    -0.8464  25.658938    31.3906    25.2241 0.0000e+00
    527.014     29.000    -0.8428  25.661341    31.3907    25.2240 0.0000e+00
    531.335     28.000    -0.8406  25.662630    31.3907    25.2240 0.0000e+00
    535.789     27.000    -0.8333  25.667732    31.3906    25.2236 0.0000e+00
    540.447     26.000    -0.7746  25.711461    31.3887    25.2203 0.0000e+00
    545.041     25.000    -0.6156  25.831419    31.3845    25.2118 0.0000e+00
    550.422     24.000    -0.4972  25.921048    31.3818    25.2055 0.0000e+00
    555.601     23.000    -0.4469  25.959487    31.3814    25.2034 0.0000e+00
    561.023     22.000    -0.4001  25.995421    31.3813    25.2016 0.0000e+00
    566.733     21.000    -0.3553  26.029946    31.3814    25.1999 0.0000e+00
    571.991     20.000    -0.3249  26.053389    31.3816    25.1990 0.0000e+00
    577.189     19.000    -0.3160  26.060193    31.3820    25.1989 0.0000e+00
    582.210     18.000    -0.3047  26.068690    31.3821    25.1986 0.0000e+00
    586.633     17.000    -0.2964  26.074864    31.3823    25.1985 0.0000e+00
    590.902     16.000    -0.2934  26.076867    31.3824    25.1985 0.0000e+00
    594.940     15.000    -0.2872  26.081349    31.3825    25.1983 0.0000e+00
    598.958     14.000    -0.2829  26.084383    31.3827    25.1983 0.0000e+00
    603.501     13.000    -0.2833  26.083528    31.3826    25.1981 0.0000e+00
    608.783     12.000    -0.2826  26.083963    31.3830    25.1985 0.0000e+00
    614.271     11.000    -0.2825  26.083603    31.3830    25.1985 0.0000e+00
    619.784     10.000    -0.2815  26.083902    31.3829    25.1984 0.0000e+00
    623.297      9.000    -0.2813  26.083563    31.3828    25.1983 0.0000e+00
    627.762      8.000    -0.2789  26.085056    31.3829    25.1983 0.0000e+00
    630.922      7.000    -0.2790  26.084627    31.3830    25.1983 0.0000e+00
    635.373      6.000    -0.2779  26.084948    31.3829    25.1982 0.0000e+00
    638.800      5.000    -0.2773  26.085067    31.3830    25.1983 0.0000e+00
    649.221      4.000    -0.2681  26.091731    31.3829    25.1978 0.0000e+00
    658.211      3.000    -0.2661  26.092880    31.3829    25.1978 0.0000e+00
    661.035      2.000    -0.2563  26.100169    31.3830    25.1975 0.0000e+00
    663.323      1.000    -0.2509  26.095610    31.3720    25.1883 0.0000e+00
