data/seacat/current/bon044.cnv
* Sea-Bird SBE 19plus Data File:
* FileName = C:\Sea-Bird Data\2014\DY1405\Casts\BON044.hex
* Software Version Seasave V 7.22.3
* Temperature SN = 4530
* Conductivity SN = 4530
* System UpLoad Time = May 16 2014 00:03:17
* Real-Time Sample Interval = 0.2500 seconds
* System UTC = May 16 2014 00:03:17
# nquan = 7                                 
# nvalues = 609                         
# units = specified
# name 0 = timeS: Time, Elapsed [seconds]
# name 1 = prdM: Pressure, Strain Gauge [db]
# name 2 = tv290C: Temperature [ITS-90, deg C]
# name 3 = c0mS/cm: Conductivity [mS/cm]
# name 4 = sal00: Salinity, Practical [PSU]
# name 5 = sigma-t00: Density [sigma-t, Kg/m^3 ]
# name 6 = flag: flag
# span 0 =    401.017,   2083.272       
# span 1 =      1.000,    305.000       
# span 2 =     3.6493,     6.8228       
# span 3 =  26.094615,  32.847252       
# span 4 =    25.2081,    33.2997       
# span 5 =    19.7373,    26.4418       
# span 6 = 0.0000e+00, 0.0000e+00       
# interval = decibars: 1                
# start_time = May 16 2014 00:03:17 [System UTC, header]
# bad_flag = -9.990e-29
*END*
    401.017      1.000     6.8199  26.094615    25.2081    19.7373 0.0000e+00
    402.406      2.000     6.8228  31.804417    31.3518    24.5691 0.0000e+00
    403.664      3.000     6.8210  32.705342    32.3381    25.3461 0.0000e+00
    405.019      4.000     6.8153  32.797387    32.4439    25.4301 0.0000e+00
    406.541      5.000     6.8143  32.810970    32.4593    25.4424 0.0000e+00
    417.693      6.000     6.7865  32.835800    32.5124    25.4878 0.0000e+00
    427.409      7.000     6.7232  32.847252    32.5846    25.5530 0.0000e+00
    429.459      8.000     6.6819  32.841771    32.6174    25.5842 0.0000e+00
    431.387      9.000     6.7401  32.840510    32.5602    25.5315 0.0000e+00
    433.372     10.000     6.6357  32.839490    32.6580    25.6222 0.0000e+00
    435.467     11.000     6.5450  32.835867    32.7403    25.6988 0.0000e+00
    437.473     12.000     6.5131  32.836117    32.7707    25.7269 0.0000e+00
    439.437     13.000     6.4979  32.807674    32.7533    25.7151 0.0000e+00
    441.530     14.000     5.9779  32.200772    32.5768    25.6408 0.0000e+00
    443.705     15.000     5.6052  31.809433    32.4951    25.6209 0.0000e+00
    445.845     16.000     5.4902  31.711410    32.4948    25.6340 0.0000e+00
    448.022     17.000     5.4328  31.663665    32.4956    25.6414 0.0000e+00
    450.266     18.000     5.3603  31.607711    32.5018    25.6546 0.0000e+00
    452.615     19.000     5.2102  31.491914    32.5151    25.6821 0.0000e+00
    454.998     20.000     5.0673  31.384487    32.5308    25.7106 0.0000e+00
    457.263     21.000     4.9447  31.287928    32.5391    25.7307 0.0000e+00
    459.542     22.000     4.8178  31.175719    32.5335    25.7401 0.0000e+00
    461.602     23.000     4.7908  31.151325    32.5313    25.7412 0.0000e+00
    463.692     24.000     4.7423  31.108769    32.5292    25.7448 0.0000e+00
    465.830     25.000     4.6321  31.010665    32.5232    25.7518 0.0000e+00
    467.902     26.000     4.4937  30.888954    32.5173    25.7617 0.0000e+00
    469.856     27.000     4.4789  30.880659    32.5218    25.7667 0.0000e+00
    471.841     28.000     4.5081  30.911586    32.5285    25.7690 0.0000e+00
    473.930     29.000     4.5567  30.960258    32.5368    25.7705 0.0000e+00
    476.042     30.000     4.6591  31.067629    32.5602    25.7782 0.0000e+00
    478.245     31.000     4.7223  31.143666    32.5856    25.7917 0.0000e+00
    480.478     32.000     4.7207  31.152328    32.5967    25.8007 0.0000e+00
    482.562     33.000     4.7080  31.145967    32.6014    25.8057 0.0000e+00
    484.790     34.000     4.6962  31.138649    32.6040    25.8090 0.0000e+00
    487.374     35.000     4.6879  31.134353    32.6067    25.8120 0.0000e+00
    489.565     36.000     4.6751  31.127102    32.6103    25.8163 0.0000e+00
    491.638     37.000     4.6450  31.106154    32.6152    25.8234 0.0000e+00
    493.736     38.000     4.6230  31.094479    32.6228    25.8318 0.0000e+00
    495.820     39.000     4.6402  31.119986    32.6350    25.8396 0.0000e+00
    497.896     40.000     4.6031  31.091077    32.6375    25.8455 0.0000e+00
    500.001     41.000     4.5247  31.022761    32.6349    25.8517 0.0000e+00
    502.094     42.000     4.4833  30.988875    32.6358    25.8568 0.0000e+00
    504.080     43.000     4.4714  30.980392    32.6372    25.8591 0.0000e+00
    505.982     44.000     4.4715  30.984448    32.6413    25.8624 0.0000e+00
    508.052     45.000     4.4562  30.973042    32.6426    25.8650 0.0000e+00
    510.197     46.000     4.4511  30.970783    32.6445    25.8671 0.0000e+00
    512.122     47.000     4.4648  30.989106    32.6518    25.8714 0.0000e+00
    514.071     48.000     4.4791  31.006192    32.6571    25.8741 0.0000e+00
    516.007     49.000     4.4936  31.022079    32.6608    25.8755 0.0000e+00
    517.980     50.000     4.5033  31.033229    32.6637    25.8768 0.0000e+00
    519.891     51.000     4.4987  31.030056    32.6640    25.8775 0.0000e+00
    521.756     52.000     4.4971  31.030055    32.6651    25.8786 0.0000e+00
    523.708     53.000     4.4963  31.030523    32.6659    25.8793 0.0000e+00
    525.639     54.000     4.4983  31.033572    32.6670    25.8799 0.0000e+00
    527.443     55.000     4.5088  31.046088    32.6706    25.8817 0.0000e+00
    529.300     56.000     4.5155  31.055977    32.6750    25.8845 0.0000e+00
    531.203     57.000     4.5090  31.054114    32.6788    25.8882 0.0000e+00
    533.159     58.000     4.4668  31.017608    32.6775    25.8916 0.0000e+00
    535.004     59.000     4.4258  30.981130    32.6750    25.8939 0.0000e+00
    536.787     60.000     4.3825  30.942456    32.6722    25.8962 0.0000e+00
    538.676     61.000     4.3497  30.914303    32.6713    25.8988 0.0000e+00
    540.603     62.000     4.3485  30.917065    32.6752    25.9020 0.0000e+00
    542.504     63.000     4.3514  30.921938    32.6775    25.9036 0.0000e+00
    544.390     64.000     4.3668  30.938900    32.6816    25.9052 0.0000e+00
    546.166     65.000     4.3940  30.968566    32.6888    25.9081 0.0000e+00
    547.988     66.000     4.4041  30.980859    32.6926    25.9101 0.0000e+00
    549.968     67.000     4.3887  30.967998    32.6923    25.9115 0.0000e+00
    551.992     68.000     4.3497  30.933380    32.6900    25.9137 0.0000e+00
    553.932     69.000     4.3312  30.918758    32.6908    25.9162 0.0000e+00
    555.860     70.000     4.3280  30.918279    32.6929    25.9182 0.0000e+00
    557.806     71.000     4.3245  30.919027    32.6967    25.9216 0.0000e+00
    559.703     72.000     4.3282  30.924829    32.6993    25.9233 0.0000e+00
    561.559     73.000     4.3550  30.954198    32.7066    25.9262 0.0000e+00
    563.567     74.000     4.3866  30.988863    32.7152    25.9299 0.0000e+00
    565.593     75.000     4.3966  30.999660    32.7174    25.9305 0.0000e+00
    567.539     76.000     4.4036  31.007657    32.7193    25.9313 0.0000e+00
    569.437     77.000     4.4009  31.007495    32.7212    25.9332 0.0000e+00
    571.356     78.000     4.3449  30.956492    32.7167    25.9353 0.0000e+00
    573.252     79.000     4.3148  30.930103    32.7152    25.9372 0.0000e+00
    575.197     80.000     4.3042  30.921659    32.7153    25.9384 0.0000e+00
    577.188     81.000     4.3178  30.937473    32.7198    25.9406 0.0000e+00
    579.041     82.000     4.3361  30.956773    32.7237    25.9418 0.0000e+00
    580.815     83.000     4.3182  30.940595    32.7221    25.9423 0.0000e+00
    582.577     84.000     4.3071  30.932634    32.7233    25.9444 0.0000e+00
    584.363     85.000     4.3038  30.931243    32.7244    25.9457 0.0000e+00
    586.280     86.000     4.3094  30.939037    32.7274    25.9475 0.0000e+00
    588.128     87.000     4.3048  30.939157    32.7316    25.9513 0.0000e+00
    589.897     88.000     4.2860  30.925065    32.7333    25.9546 0.0000e+00
    591.719     89.000     4.2796  30.920760    32.7341    25.9559 0.0000e+00
    593.519     90.000     4.2779  30.920296    32.7347    25.9565 0.0000e+00
    595.289     91.000     4.2728  30.918799    32.7375    25.9593 0.0000e+00
    597.171     92.000     4.2615  30.912839    32.7413    25.9634 0.0000e+00
    599.249     93.000     4.2591  30.913442    32.7439    25.9657 0.0000e+00
    601.123     94.000     4.2610  30.915980    32.7444    25.9660 0.0000e+00
    602.918     95.000     4.2629  30.918640    32.7452    25.9663 0.0000e+00
    604.790     96.000     4.2644  30.921288    32.7462    25.9671 0.0000e+00
    606.788     97.000     4.2688  30.926878    32.7479    25.9679 0.0000e+00
    608.827     98.000     4.2804  30.939919    32.7511    25.9693 0.0000e+00
    610.657     99.000     4.2917  30.953111    32.7548    25.9711 0.0000e+00
    612.456    100.000     4.2989  30.966058    32.7623    25.9763 0.0000e+00
    614.408    101.000     4.3132  30.992587    32.7786    25.9878 0.0000e+00
    616.355    102.000     4.3251  31.008338    32.7847    25.9914 0.0000e+00
    618.162    103.000     4.3303  31.015789    32.7877    25.9933 0.0000e+00
    620.013    104.000     4.3323  31.018905    32.7889    25.9940 0.0000e+00
    621.916    105.000     4.3359  31.024196    32.7910    25.9953 0.0000e+00
    623.727    106.000     4.3417  31.035116    32.7975    25.9998 0.0000e+00
    625.495    107.000     4.3466  31.045798    32.8046    26.0050 0.0000e+00
    627.385    108.000     4.3479  31.051054    32.8089    26.0083 0.0000e+00
    629.367    109.000     4.3463  31.051674    32.8107    26.0099 0.0000e+00
    631.142    110.000     4.3447  31.051895    32.8121    26.0111 0.0000e+00
    632.779    111.000     4.3441  31.052823    32.8132    26.0121 0.0000e+00
    634.620    112.000     4.3444  31.054575    32.8145    26.0130 0.0000e+00
    636.630    113.000     4.3463  31.057668    32.8157    26.0138 0.0000e+00
    638.424    114.000     4.3491  31.062554    32.8181    26.0154 0.0000e+00
    640.150    115.000     4.3448  31.062305    32.8216    26.0186 0.0000e+00
    642.024    116.000     4.3425  31.063850    32.8252    26.0217 0.0000e+00
    643.875    117.000     4.3494  31.072794    32.8282    26.0235 0.0000e+00
    645.740    118.000     4.3693  31.095331    32.8343    26.0262 0.0000e+00
    647.776    119.000     4.3806  31.108744    32.8382    26.0281 0.0000e+00
    649.679    120.000     4.3801  31.109309    32.8388    26.0287 0.0000e+00
    651.417    121.000     4.3735  31.105409    32.8403    26.0306 0.0000e+00
    653.323    122.000     4.3623  31.098565    32.8430    26.0338 0.0000e+00
    655.373    123.000     4.3567  31.095182    32.8441    26.0353 0.0000e+00
    657.240    124.000     4.3532  31.093336    32.8449    26.0363 0.0000e+00
    659.044    125.000     4.3450  31.087506    32.8457    26.0378 0.0000e+00
    660.899    126.000     4.2933  31.041750    32.8432    26.0411 0.0000e+00
    662.813    127.000     4.2185  30.971492    32.8349    26.0422 0.0000e+00
    664.711    128.000     4.1927  30.949249    32.8340    26.0441 0.0000e+00
    666.544    129.000     4.1720  30.932729    32.8348    26.0468 0.0000e+00
    668.418    130.000     4.1613  30.927294    32.8386    26.0509 0.0000e+00
    670.349    131.000     4.1579  30.926740    32.8408    26.0530 0.0000e+00
    672.225    132.000     4.1542  30.926053    32.8432    26.0553 0.0000e+00
    673.989    133.000     4.1464  30.922320    32.8461    26.0583 0.0000e+00
    675.823    134.000     4.1386  30.918373    32.8487    26.0612 0.0000e+00
    677.825    135.000     4.1355  30.918040    32.8509    26.0633 0.0000e+00
    679.651    136.000     4.1330  30.917922    32.8528    26.0650 0.0000e+00
    681.368    137.000     4.1318  30.919016    32.8547    26.0667 0.0000e+00
    683.271    138.000     4.1308  30.921036    32.8576    26.0691 0.0000e+00
    685.286    139.000     4.1334  30.927161    32.8617    26.0720 0.0000e+00
    687.188    140.000     4.1351  30.930761    32.8637    26.0735 0.0000e+00
    688.935    141.000     4.1363  30.933285    32.8649    26.0744 0.0000e+00
    690.747    142.000     4.1392  30.938228    32.8673    26.0760 0.0000e+00
    692.659    143.000     4.1391  30.941228    32.8704    26.0785 0.0000e+00
    694.420    144.000     4.1354  30.940828    32.8732    26.0810 0.0000e+00
    696.296    145.000     4.1328  30.942006    32.8766    26.0840 0.0000e+00
    698.291    146.000     4.1321  30.943564    32.8787    26.0857 0.0000e+00
    700.215    147.000     4.1309  30.945174    32.8812    26.0878 0.0000e+00
    702.093    148.000     4.1266  30.946601    32.8867    26.0926 0.0000e+00
    703.765    149.000     4.1229  30.948600    32.8922    26.0974 0.0000e+00
    705.574    150.000     4.1218  30.949405    32.8938    26.0987 0.0000e+00
    707.552    151.000     4.1181  30.948013    32.8953    26.1003 0.0000e+00
    709.427    152.000     4.1085  30.942510    32.8979    26.1034 0.0000e+00
    711.226    153.000     4.1014  30.942478    32.9045    26.1093 0.0000e+00
    713.008    154.000     4.0994  30.945021    32.9090    26.1131 0.0000e+00
    714.913    155.000     4.0990  30.946080    32.9101    26.1140 0.0000e+00
    716.829    156.000     4.0981  30.946311    32.9108    26.1146 0.0000e+00
    718.631    157.000     4.0959  30.946079    32.9122    26.1160 0.0000e+00
    720.480    158.000     4.0912  30.943955    32.9139    26.1178 0.0000e+00
    722.423    159.000     4.0864  30.943374    32.9175    26.1211 0.0000e+00
    724.349    160.000     4.0962  30.958319    32.9247    26.1259 0.0000e+00
    726.191    161.000     4.1317  31.001633    32.9396    26.1342 0.0000e+00
    727.974    162.000     4.1429  31.016262    32.9451    26.1374 0.0000e+00
    729.784    163.000     4.1412  31.016108    32.9461    26.1383 0.0000e+00
    731.668    164.000     4.1398  31.015881    32.9467    26.1390 0.0000e+00
    733.511    165.000     4.1395  31.016868    32.9476    26.1398 0.0000e+00
    735.368    166.000     4.1426  31.022383    32.9505    26.1417 0.0000e+00
    737.186    167.000     4.1452  31.030246    32.9566    26.1463 0.0000e+00
    738.936    168.000     4.1547  31.044930    32.9639    26.1511 0.0000e+00
    740.820    169.000     4.1627  31.054640    32.9667    26.1526 0.0000e+00
    742.791    170.000     4.1656  31.059037    32.9685    26.1537 0.0000e+00
    744.658    171.000     4.1681  31.064678    32.9721    26.1563 0.0000e+00
    746.480    172.000     4.1685  31.068549    32.9757    26.1591 0.0000e+00
    748.432    173.000     4.1654  31.069198    32.9791    26.1621 0.0000e+00
    750.351    174.000     4.1657  31.074048    32.9840    26.1660 0.0000e+00
    752.198    175.000     4.1615  31.074080    32.9877    26.1694 0.0000e+00
    754.145    176.000     4.1210  31.039129    32.9867    26.1727 0.0000e+00
    756.208    177.000     4.0504  30.975295    32.9819    26.1760 0.0000e+00
    758.198    178.000     4.0403  30.969593    32.9848    26.1793 0.0000e+00
    760.039    179.000     4.0424  30.973968    32.9874    26.1811 0.0000e+00
    761.995    180.000     4.0540  30.989774    32.9938    26.1851 0.0000e+00
    764.024    181.000     4.0409  30.982132    32.9974    26.1893 0.0000e+00
    765.921    182.000     4.0168  30.961665    32.9970    26.1913 0.0000e+00
    767.737    183.000     4.0046  30.954088    32.9998    26.1948 0.0000e+00
    769.641    184.000     3.9940  30.947972    33.0028    26.1982 0.0000e+00
    771.635    185.000     3.9857  30.945658    33.0079    26.2030 0.0000e+00
    773.526    186.000     3.9770  30.944084    33.0142    26.2090 0.0000e+00
    775.309    187.000     3.9721  30.942055    33.0163    26.2111 0.0000e+00
    777.190    188.000     3.9645  30.938264    33.0189    26.2139 0.0000e+00
    779.038    189.000     3.9552  30.934085    33.0228    26.2180 0.0000e+00
    780.901    190.000     3.9445  30.929464    33.0276    26.2229 0.0000e+00
    782.839    191.000     3.9310  30.923576    33.0338    26.2291 0.0000e+00
    784.709    192.000     3.9252  30.921212    33.0363    26.2316 0.0000e+00
    786.433    193.000     3.9221  30.920143    33.0376    26.2330 0.0000e+00
    788.169    194.000     3.9182  30.918779    33.0394    26.2348 0.0000e+00
    790.073    195.000     3.9109  30.915264    33.0421    26.2377 0.0000e+00
    792.041    196.000     3.9005  30.910209    33.0461    26.2419 0.0000e+00
    793.773    197.000     3.8938  30.907513    33.0492    26.2450 0.0000e+00
    795.369    198.000     3.8869  30.905514    33.0532    26.2489 0.0000e+00
    796.985    199.000     3.8798  30.903040    33.0570    26.2526 0.0000e+00
    798.671    200.000     3.8740  30.900913    33.0598    26.2554 0.0000e+00
    800.332    201.000     3.8685  30.898620    33.0621    26.2577 0.0000e+00
    801.971    202.000     3.8594  30.893477    33.0647    26.2607 0.0000e+00
    803.613    203.000     3.8497  30.888140    33.0676    26.2640 0.0000e+00
    805.326    204.000     3.8446  30.885631    33.0693    26.2658 0.0000e+00
    807.024    205.000     3.8420  30.884519    33.0701    26.2667 0.0000e+00
