data/seacat/current/bon029.cnv
* Sea-Bird SBE 19plus Data File:
* FileName = C:\Sea-Bird Data\2014\DY1405\Casts\BON029.hex
* Software Version Seasave V 7.22.3
* Temperature SN = 4530
* Conductivity SN = 4530
* System UpLoad Time = May 11 2014 00:29:16
* Real-Time Sample Interval = 0.2500 seconds
* System UTC = May 11 2014 00:29:16
# nquan = 7                                 
# nvalues = 135                         
# units = specified
# name 0 = timeS: Time, Elapsed [seconds]
# name 1 = prdM: Pressure, Strain Gauge [db]
# name 2 = tv290C: Temperature [ITS-90, deg C]
# name 3 = c0mS/cm: Conductivity [mS/cm]
# name 4 = sal00: Salinity, Practical [PSU]
# name 5 = sigma-t00: Density [sigma-t, Kg/m^3 ]
# name 6 = flag: flag
# span 0 =     61.224,    507.607       
# span 1 =      1.000,     68.000       
# span 2 =     1.7331,     2.7174       
# span 3 =  26.088437,  29.536994       
# span 4 =    28.5556,    32.7780       
# span 5 =    22.7681,    26.1469       
# span 6 = 0.0000e+00, 0.0000e+00       
# interval = decibars: 1                
# start_time = May 11 2014 00:29:16 [System UTC, header]
# bad_flag = -9.990e-29
*END*
     61.224      1.000     2.6751  26.088437    28.5556    22.7681 0.0000e+00
     63.986      2.000     2.4585  29.160834    32.5007    25.9349 0.0000e+00
     65.057      3.000     2.4718  29.214790    32.5530    25.9756 0.0000e+00
     70.920      4.000     2.5950  29.352794    32.5962    26.0003 0.0000e+00
     74.848      5.000     2.6914  29.430041    32.5921    25.9891 0.0000e+00
     76.640      6.000     2.7115  29.465828    32.6148    26.0057 0.0000e+00
     78.688      7.000     2.6693  29.485686    32.6816    26.0625 0.0000e+00
     80.829      8.000     2.5928  29.473685    32.7446    26.1191 0.0000e+00
     82.376      9.000     2.5791  29.489885    32.7780    26.1469 0.0000e+00
     84.327     10.000     2.7060  29.515187    32.6786    26.0571 0.0000e+00
     86.778     11.000     2.6210  29.506973    32.7549    26.1250 0.0000e+00
     88.476     12.000     2.6349  29.536994    32.7769    26.1415 0.0000e+00
     90.883     13.000     2.7174  29.532037    32.6860    26.0620 0.0000e+00
     93.396     14.000     2.5549  29.463086    32.7672    26.1402 0.0000e+00
     94.852     15.000     2.5134  29.402953    32.7353    26.1180 0.0000e+00
     97.998     16.000     2.2328  28.954182    32.4684    25.9265 0.0000e+00
    100.138     17.000     1.9513  28.704372    32.4458    25.9292 0.0000e+00
    101.733     18.000     1.8462  28.618775    32.4463    25.9371 0.0000e+00
    104.721     19.000     1.7824  28.566352    32.4457    25.9411 0.0000e+00
    106.550     20.000     1.7560  28.543602    32.4438    25.9415 0.0000e+00
    108.312     21.000     1.7427  28.532532    32.4431    25.9418 0.0000e+00
    110.627     22.000     1.7412  28.530767    32.4419    25.9409 0.0000e+00
    112.357     23.000     1.7422  28.531303    32.4410    25.9401 0.0000e+00
    114.163     24.000     1.7407  28.530141    32.4405    25.9398 0.0000e+00
    116.344     25.000     1.7405  28.530008    32.4400    25.9394 0.0000e+00
    118.242     26.000     1.7393  28.529125    32.4396    25.9392 0.0000e+00
    120.534     27.000     1.7392  28.529082    32.4391    25.9388 0.0000e+00
    122.048     28.000     1.7396  28.529698    32.4389    25.9386 0.0000e+00
    123.787     29.000     1.7392  28.529594    32.4386    25.9384 0.0000e+00
    126.807     30.000     1.7393  28.529932    32.4384    25.9382 0.0000e+00
    128.146     31.000     1.7369  28.528076    32.4379    25.9381 0.0000e+00
    130.198     32.000     1.7367  28.528266    32.4378    25.9380 0.0000e+00
    133.085     33.000     1.7368  28.528608    32.4376    25.9378 0.0000e+00
    134.448     34.000     1.7363  28.528728    32.4377    25.9379 0.0000e+00
    136.385     35.000     1.7371  28.529806    32.4377    25.9379 0.0000e+00
    139.692     36.000     1.7385  28.531240    32.4375    25.9376 0.0000e+00
    141.285     37.000     1.7383  28.531596    32.4376    25.9377 0.0000e+00
    142.806     38.000     1.7381  28.531846    32.4376    25.9377 0.0000e+00
    145.572     39.000     1.7387  28.532658    32.4374    25.9375 0.0000e+00
    147.787     40.000     1.7396  28.533886    32.4375    25.9375 0.0000e+00
    150.082     41.000     1.7396  28.534326    32.4375    25.9375 0.0000e+00
    152.034     42.000     1.7395  28.534724    32.4375    25.9376 0.0000e+00
    153.792     43.000     1.7389  28.534597    32.4374    25.9375 0.0000e+00
    157.374     44.000     1.7402  28.535938    32.4372    25.9373 0.0000e+00
    158.877     45.000     1.7408  28.537090    32.4375    25.9374 0.0000e+00
    160.667     46.000     1.7399  28.536759    32.4375    25.9375 0.0000e+00
    163.606     47.000     1.7378  28.535317    32.4373    25.9375 0.0000e+00
    165.416     48.000     1.7359  28.534216    32.4373    25.9376 0.0000e+00
    167.302     49.000     1.7352  28.534134    32.4374    25.9377 0.0000e+00
    169.027     50.000     1.7355  28.534694    32.4372    25.9376 0.0000e+00
    171.150     51.000     1.7358  28.535324    32.4371    25.9375 0.0000e+00
    173.523     52.000     1.7357  28.535794    32.4373    25.9376 0.0000e+00
    174.783     53.000     1.7354  28.535964    32.4372    25.9376 0.0000e+00
    176.379     54.000     1.7352  28.536169    32.4372    25.9375 0.0000e+00
    179.183     55.000     1.7349  28.536521    32.4374    25.9377 0.0000e+00
    181.194     56.000     1.7348  28.536781    32.4372    25.9376 0.0000e+00
    182.784     57.000     1.7345  28.537102    32.4374    25.9378 0.0000e+00
    184.234     58.000     1.7345  28.537319    32.4371    25.9376 0.0000e+00
    186.410     59.000     1.7346  28.526474    32.4229    25.9261 0.0000e+00
    189.785     60.000     1.7346  28.513589    32.4061    25.9127 0.0000e+00
    191.502     61.000     1.7345  28.527623    32.4233    25.9265 0.0000e+00
    192.911     62.000     1.7343  28.538409    32.4365    25.9371 0.0000e+00
    194.576     63.000     1.7345  28.539627    32.4373    25.9377 0.0000e+00
    197.856     64.000     1.7348  28.540344    32.4373    25.9377 0.0000e+00
    200.517     65.000     1.7344  28.540642    32.4375    25.9379 0.0000e+00
    201.632     66.000     1.7342  28.541041    32.4377    25.9380 0.0000e+00
    202.882     67.000     1.7342  28.541389    32.4376    25.9379 0.0000e+00
    216.331     68.000     1.7350  28.542271    32.4373    25.9377 0.0000e+00
    215.408     67.000     1.7346  28.541500    32.4373    25.9377 0.0000e+00
    218.768     66.000     1.7347  28.541158    32.4373    25.9377 0.0000e+00
    222.247     65.000     1.7349  28.540876    32.4373    25.9377 0.0000e+00
    225.011     64.000     1.7349  28.540402    32.4373    25.9376 0.0000e+00
    229.529     63.000     1.7350  28.540023    32.4372    25.9376 0.0000e+00
    232.084     62.000     1.7353  28.539887    32.4373    25.9377 0.0000e+00
    236.139     61.000     1.7354  28.539559    32.4373    25.9377 0.0000e+00
    239.488     60.000     1.7356  28.539289    32.4373    25.9377 0.0000e+00
    246.414     59.000     1.7355  28.538699    32.4373    25.9376 0.0000e+00
    251.499     58.000     1.7351  28.537983    32.4373    25.9377 0.0000e+00
    256.543     57.000     1.7346  28.537072    32.4373    25.9377 0.0000e+00
    274.656     56.000     1.7344  28.536520    32.4373    25.9377 0.0000e+00
    288.147     55.000     1.7345  28.536098    32.4372    25.9377 0.0000e+00
    291.448     54.000     1.7343  28.535567    32.4373    25.9377 0.0000e+00
    294.146     53.000     1.7347  28.535485    32.4374    25.9377 0.0000e+00
    298.884     52.000     1.7340  28.534309    32.4372    25.9376 0.0000e+00
    301.312     51.000     1.7345  28.534399    32.4373    25.9377 0.0000e+00
    305.149     50.000     1.7344  28.533866    32.4373    25.9377 0.0000e+00
    309.057     49.000     1.7338  28.532914    32.4373    25.9377 0.0000e+00
    311.811     48.000     1.7336  28.532262    32.4372    25.9377 0.0000e+00
    316.210     47.000     1.7337  28.532016    32.4374    25.9378 0.0000e+00
    318.833     46.000     1.7338  28.531592    32.4373    25.9377 0.0000e+00
    323.848     45.000     1.7339  28.531205    32.4372    25.9377 0.0000e+00
    326.182     44.000     1.7339  28.530831    32.4373    25.9378 0.0000e+00
    330.784     43.000     1.7340  28.530441    32.4373    25.9377 0.0000e+00
    334.632     42.000     1.7337  28.529737    32.4373    25.9377 0.0000e+00
    337.872     41.000     1.7334  28.529084    32.4373    25.9378 0.0000e+00
    342.544     40.000     1.7331  28.528331    32.4372    25.9377 0.0000e+00
    344.802     39.000     1.7336  28.528320    32.4372    25.9377 0.0000e+00
    350.504     38.000     1.7347  28.528737    32.4372    25.9376 0.0000e+00
    352.027     37.000     1.7350  28.528522    32.4372    25.9376 0.0000e+00
    357.028     36.000     1.7338  28.527145    32.4372    25.9377 0.0000e+00
    359.831     35.000     1.7339  28.526824    32.4373    25.9377 0.0000e+00
    364.650     34.000     1.7343  28.526648    32.4372    25.9376 0.0000e+00
    368.235     33.000     1.7351  28.526761    32.4370    25.9375 0.0000e+00
    373.631     32.000     1.7356  28.526776    32.4371    25.9375 0.0000e+00
    376.893     31.000     1.7354  28.526224    32.4372    25.9375 0.0000e+00
    381.887     30.000     1.7353  28.525662    32.4371    25.9375 0.0000e+00
    385.322     29.000     1.7363  28.526055    32.4371    25.9375 0.0000e+00
    390.729     28.000     1.7348  28.524383    32.4371    25.9376 0.0000e+00
    393.415     27.000     1.7359  28.524762    32.4370    25.9374 0.0000e+00
    397.305     26.000     1.7394  28.527203    32.4370    25.9372 0.0000e+00
    401.257     25.000     1.7366  28.524466    32.4370    25.9374 0.0000e+00
    404.452     24.000     1.7369  28.524341    32.4371    25.9374 0.0000e+00
    408.808     23.000     1.7366  28.523626    32.4371    25.9374 0.0000e+00
    412.600     22.000     1.7369  28.523411    32.4371    25.9374 0.0000e+00
    416.929     21.000     1.7420  28.527153    32.4371    25.9370 0.0000e+00
    421.313     20.000     1.7373  28.522917    32.4371    25.9374 0.0000e+00
    425.869     19.000     1.7341  28.519829    32.4371    25.9376 0.0000e+00
    431.322     18.000     1.7344  28.519686    32.4372    25.9376 0.0000e+00
    436.347     17.000     1.7657  28.544261    32.4363    25.9348 0.0000e+00
    441.530     16.000     1.8952  28.647181    32.4325    25.9226 0.0000e+00
    446.939     15.000     2.1449  28.846736    32.4257    25.8989 0.0000e+00
    451.613     14.000     2.2600  28.938508    32.4223    25.8876 0.0000e+00
    456.610     13.000     2.2737  28.949293    32.4222    25.8864 0.0000e+00
    460.188     12.000     2.2724  28.948452    32.4231    25.8872 0.0000e+00
    466.405     11.000     2.2728  28.948998    32.4239    25.8878 0.0000e+00
    470.066     10.000     2.2768  28.951677    32.4237    25.8873 0.0000e+00
    474.713      9.000     2.2899  28.961836    32.4234    25.8861 0.0000e+00
    479.005      8.000     2.3131  28.980006    32.4227    25.8838 0.0000e+00
    482.732      7.000     2.3260  28.990344    32.4229    25.8830 0.0000e+00
    486.631      6.000     2.3304  28.993525    32.4229    25.8826 0.0000e+00
    490.758      5.000     2.3461  29.006058    32.4229    25.8814 0.0000e+00
    494.785      4.000     2.3621  29.018677    32.4227    25.8800 0.0000e+00
    498.765      3.000     2.3659  29.021339    32.4227    25.8797 0.0000e+00
    502.287      2.000     2.3672  29.022100    32.4228    25.8797 0.0000e+00
    507.607      1.000     2.3623  29.016254    32.4211    25.8788 0.0000e+00
