data/seacat/current/bon049.cnv
* Sea-Bird SBE 19plus Data File:
* FileName = C:\Sea-Bird Data\2014\DY1405\Casts\BON049.hex
* Software Version Seasave V 7.22.3
* Temperature SN = 4530
* Conductivity SN = 4530
* System UpLoad Time = May 16 2014 14:21:37
* Real-Time Sample Interval = 0.2500 seconds
* System UTC = May 16 2014 14:21:37
# nquan = 7                                 
# nvalues = 545                         
# units = specified
# name 0 = timeS: Time, Elapsed [seconds]
# name 1 = prdM: Pressure, Strain Gauge [db]
# name 2 = tv290C: Temperature [ITS-90, deg C]
# name 3 = c0mS/cm: Conductivity [mS/cm]
# name 4 = sal00: Salinity, Practical [PSU]
# name 5 = sigma-t00: Density [sigma-t, Kg/m^3 ]
# name 6 = flag: flag
# span 0 =    563.035,   2261.844       
# span 1 =      1.000,    273.000       
# span 2 =     3.4808,     6.0300       
# span 3 =  28.065584,  31.978668       
# span 4 =    28.1703,    33.2828       
# span 5 =    22.1865,    26.4426       
# span 6 = 0.0000e+00, 0.0000e+00       
# interval = decibars: 1                
# start_time = May 16 2014 14:21:37 [System UTC, header]
# bad_flag = -9.990e-29
*END*
    563.035      1.000     5.7647  28.065584    28.1703    22.1865 0.0000e+00
    566.430      2.000     5.8067  31.940646    32.4553    25.5655 0.0000e+00
    570.677      3.000     5.7061  31.652530    32.2268    25.3969 0.0000e+00
    575.426      4.000     5.7344  31.737812    32.2953    25.4477 0.0000e+00
    576.780      5.000     5.6799  31.697665    32.3018    25.4593 0.0000e+00
    578.988      6.000     5.6030  31.638477    32.3083    25.4735 0.0000e+00
    580.503      7.000     5.5698  31.616620    32.3150    25.4826 0.0000e+00
    581.963      8.000     5.5400  31.600342    32.3247    25.4938 0.0000e+00
    583.916      9.000     5.5088  31.578433    32.3295    25.5011 0.0000e+00
    585.525     10.000     5.4794  31.559853    32.3362    25.5099 0.0000e+00
    587.357     11.000     5.4642  31.544565    32.3330    25.5091 0.0000e+00
    589.284     12.000     5.4287  31.526218    32.3459    25.5234 0.0000e+00
    591.154     13.000     5.4167  31.510771    32.3395    25.5197 0.0000e+00
    593.226     14.000     5.3535  31.503395    32.3916    25.5682 0.0000e+00
    595.169     15.000     5.2458  31.498043    32.4895    25.6578 0.0000e+00
    597.557     16.000     5.1196  31.492186    32.6052    25.7637 0.0000e+00
    599.440     17.000     5.0372  31.465810    32.6551    25.8124 0.0000e+00
    601.490     18.000     4.7293  31.040205    32.4656    25.6957 0.0000e+00
    603.428     19.000     4.5286  30.793519    32.3756    25.6455 0.0000e+00
    605.190     20.000     4.5133  30.792116    32.3884    25.6573 0.0000e+00
    607.098     21.000     4.5887  30.880167    32.4163    25.6716 0.0000e+00
    608.939     22.000     4.6093  30.903480    32.4227    25.6744 0.0000e+00
    610.823     23.000     4.5946  30.892619    32.4240    25.6770 0.0000e+00
    612.724     24.000     4.5795  30.879838    32.4234    25.6782 0.0000e+00
    614.590     25.000     4.5665  30.871240    32.4257    25.6813 0.0000e+00
    616.447     26.000     4.5549  30.864946    32.4292    25.6854 0.0000e+00
    618.260     27.000     4.5495  30.862818    32.4316    25.6878 0.0000e+00
    620.213     28.000     4.5488  30.864973    32.4342    25.6900 0.0000e+00
    622.138     29.000     4.5459  30.866016    32.4378    25.6931 0.0000e+00
    623.943     30.000     4.5397  30.864365    32.4415    25.6966 0.0000e+00
    625.998     31.000     4.5329  30.862206    32.4451    25.7003 0.0000e+00
    627.912     32.000     4.5293  30.861274    32.4471    25.7022 0.0000e+00
    629.972     33.000     4.5277  30.860681    32.4474    25.7026 0.0000e+00
    632.098     34.000     4.5262  30.860291    32.4479    25.7032 0.0000e+00
    634.330     35.000     4.5224  30.860505    32.4514    25.7063 0.0000e+00
    636.330     36.000     4.5205  30.868271    32.4618    25.7148 0.0000e+00
    638.505     37.000     4.5437  30.902197    32.4780    25.7252 0.0000e+00
    640.759     38.000     4.5981  30.968178    32.5007    25.7375 0.0000e+00
    642.584     39.000     4.6559  31.035005    32.5209    25.7474 0.0000e+00
    644.813     40.000     4.6808  31.061330    32.5265    25.7492 0.0000e+00
    646.828     41.000     4.7286  31.114875    32.5411    25.7557 0.0000e+00
    648.821     42.000     4.7667  31.158436    32.5535    25.7615 0.0000e+00
    650.605     43.000     4.7745  31.168772    32.5573    25.7636 0.0000e+00
    652.653     44.000     4.7743  31.170205    32.5587    25.7647 0.0000e+00
    654.867     45.000     4.7722  31.169443    32.5594    25.7655 0.0000e+00
    656.714     46.000     4.7778  31.178632    32.5640    25.7686 0.0000e+00
    658.656     47.000     4.7715  31.176524    32.5672    25.7718 0.0000e+00
    660.714     48.000     4.7747  31.182570    32.5706    25.7741 0.0000e+00
    662.731     49.000     4.7833  31.191773    32.5722    25.7745 0.0000e+00
    664.840     50.000     4.7891  31.198509    32.5738    25.7752 0.0000e+00
    666.928     51.000     4.7931  31.204088    32.5758    25.7763 0.0000e+00
    669.181     52.000     4.7774  31.192497    32.5774    25.7792 0.0000e+00
    671.259     53.000     4.6792  31.103741    32.5706    25.7844 0.0000e+00
    673.534     54.000     4.6295  31.060146    32.5684    25.7879 0.0000e+00
    675.842     55.000     4.6051  31.038474    32.5668    25.7892 0.0000e+00
    678.088     56.000     4.5361  30.976961    32.5627    25.7932 0.0000e+00
    680.181     57.000     4.4304  30.886186    32.5607    25.8027 0.0000e+00
    682.690     58.000     4.3647  30.840435    32.5717    25.8181 0.0000e+00
    684.622     59.000     4.3312  30.824717    32.5859    25.8329 0.0000e+00
    686.698     60.000     4.2761  30.788755    32.5978    25.8480 0.0000e+00
    688.733     61.000     4.2300  30.758214    32.6072    25.8601 0.0000e+00
    690.803     62.000     4.2205  30.752867    32.6099    25.8632 0.0000e+00
    692.930     63.000     4.2200  30.757193    32.6149    25.8672 0.0000e+00
    694.615     64.000     4.2255  30.767304    32.6208    25.8714 0.0000e+00
    696.480     65.000     4.2318  30.777623    32.6261    25.8750 0.0000e+00
    698.387     66.000     4.2459  30.796004    32.6332    25.8791 0.0000e+00
    700.467     67.000     4.2587  30.811752    32.6384    25.8820 0.0000e+00
    702.459     68.000     4.2727  30.828709    32.6439    25.8849 0.0000e+00
    704.285     69.000     4.2727  30.831857    32.6471    25.8874 0.0000e+00
    706.330     70.000     4.2500  30.814651    32.6489    25.8912 0.0000e+00
    708.551     71.000     4.2395  30.808399    32.6515    25.8943 0.0000e+00
    710.926     72.000     4.2365  30.809286    32.6550    25.8974 0.0000e+00
    713.104     73.000     4.2350  30.812951    32.6603    25.9018 0.0000e+00
    715.413     74.000     4.2051  30.787037    32.6591    25.9038 0.0000e+00
    717.479     75.000     4.2032  30.789063    32.6628    25.9070 0.0000e+00
    719.502     76.000     4.2074  30.802273    32.6736    25.9152 0.0000e+00
    721.735     77.000     4.2076  30.815452    32.6884    25.9269 0.0000e+00
    723.655     78.000     4.2115  30.836821    32.7091    25.9429 0.0000e+00
    725.537     79.000     4.1908  30.835635    32.7278    25.9599 0.0000e+00
    727.587     80.000     4.1825  30.836404    32.7364    25.9676 0.0000e+00
    730.094     81.000     4.1804  30.840145    32.7424    25.9725 0.0000e+00
    732.145     82.000     4.1804  30.841955    32.7440    25.9738 0.0000e+00
    734.705     83.000     4.1792  30.842061    32.7448    25.9746 0.0000e+00
    737.168     84.000     4.1786  30.843485    32.7466    25.9760 0.0000e+00
    739.384     85.000     4.1777  30.849878    32.7545    25.9824 0.0000e+00
    741.837     86.000     4.1745  30.851585    32.7591    25.9864 0.0000e+00
    744.094     87.000     4.1689  30.849813    32.7621    25.9894 0.0000e+00
    746.248     88.000     4.1670  30.851240    32.7652    25.9920 0.0000e+00
    748.318     89.000     4.1650  30.854405    32.7704    25.9963 0.0000e+00
    750.667     90.000     4.1671  30.864653    32.7798    26.0036 0.0000e+00
    752.763     91.000     4.1698  30.870212    32.7831    26.0060 0.0000e+00
    754.819     92.000     4.1726  30.873975    32.7842    26.0066 0.0000e+00
    757.316     93.000     4.1724  30.876067    32.7864    26.0083 0.0000e+00
    759.384     94.000     4.1886  30.896210    32.7934    26.0122 0.0000e+00
    761.516     95.000     4.2020  30.913626    32.7999    26.0161 0.0000e+00
    763.714     96.000     4.2111  30.928043    32.8073    26.0210 0.0000e+00
    765.883     97.000     4.2388  30.959651    32.8162    26.0253 0.0000e+00
    767.892     98.000     4.2548  30.982210    32.8262    26.0316 0.0000e+00
    770.227     99.000     4.2229  30.955028    32.8256    26.0343 0.0000e+00
    772.668    100.000     4.2145  30.948992    32.8264    26.0358 0.0000e+00
    774.826    101.000     4.2290  30.963877    32.8289    26.0363 0.0000e+00
    777.007    102.000     4.2464  30.981741    32.8320    26.0370 0.0000e+00
    779.212    103.000     4.2511  30.990152    32.8366    26.0402 0.0000e+00
    781.335    104.000     4.2289  30.973079    32.8382    26.0438 0.0000e+00
    783.810    105.000     4.2091  30.956943    32.8386    26.0460 0.0000e+00
    785.938    106.000     4.2030  30.951997    32.8383    26.0465 0.0000e+00
    787.917    107.000     4.1978  30.948064    32.8384    26.0470 0.0000e+00
    790.189    108.000     4.1731  30.927413    32.8383    26.0495 0.0000e+00
    792.598    109.000     4.1553  30.913408    32.8391    26.0519 0.0000e+00
    794.523    110.000     4.1531  30.912811    32.8401    26.0529 0.0000e+00
    796.802    111.000     4.1538  30.916786    32.8435    26.0556 0.0000e+00
    799.175    112.000     4.1633  30.929375    32.8483    26.0584 0.0000e+00
    801.310    113.000     4.1719  30.939232    32.8508    26.0595 0.0000e+00
    803.397    114.000     4.1819  30.953380    32.8569    26.0634 0.0000e+00
    805.575    115.000     4.1667  30.942190    32.8584    26.0661 0.0000e+00
    807.793    116.000     4.1503  30.930412    32.8605    26.0694 0.0000e+00
    809.711    117.000     4.1295  30.916555    32.8645    26.0747 0.0000e+00
    811.901    118.000     4.1256  30.916492    32.8678    26.0777 0.0000e+00
    814.069    119.000     4.1223  30.915461    32.8693    26.0793 0.0000e+00
    816.128    120.000     4.1178  30.913103    32.8705    26.0807 0.0000e+00
    818.310    121.000     4.1163  30.912943    32.8713    26.0815 0.0000e+00
    820.494    122.000     4.1152  30.913297    32.8723    26.0824 0.0000e+00
    822.638    123.000     4.1139  30.914067    32.8740    26.0838 0.0000e+00
    824.724    124.000     4.1119  30.913967    32.8754    26.0851 0.0000e+00
    826.935    125.000     4.1098  30.913848    32.8768    26.0865 0.0000e+00
    829.037    126.000     4.1055  30.911740    32.8782    26.0880 0.0000e+00
    831.221    127.000     4.0989  30.908827    32.8808    26.0907 0.0000e+00
    833.617    128.000     4.0936  30.908170    32.8848    26.0945 0.0000e+00
    835.808    129.000     4.0923  30.911067    32.8890    26.0979 0.0000e+00
    837.887    130.000     4.0930  30.915364    32.8929    26.1009 0.0000e+00
    840.172    131.000     4.0957  30.920318    32.8955    26.1027 0.0000e+00
    842.628    132.000     4.1004  30.927449    32.8987    26.1048 0.0000e+00
    844.671    133.000     4.0965  30.926332    32.9007    26.1068 0.0000e+00
    846.868    134.000     4.0929  30.924213    32.9013    26.1076 0.0000e+00
    849.318    135.000     4.0918  30.924791    32.9026    26.1088 0.0000e+00
    851.427    136.000     4.0896  30.924671    32.9041    26.1102 0.0000e+00
    853.798    137.000     4.0876  30.924616    32.9056    26.1115 0.0000e+00
    855.900    138.000     4.0859  30.924702    32.9068    26.1127 0.0000e+00
    857.954    139.000     4.0859  30.926143    32.9080    26.1137 0.0000e+00
    859.883    140.000     4.0899  30.931198    32.9095    26.1144 0.0000e+00
    861.776    141.000     4.0991  30.942251    32.9127    26.1161 0.0000e+00
    863.980    142.000     4.1150  30.958744    32.9157    26.1168 0.0000e+00
    865.939    143.000     4.1299  30.974112    32.9183    26.1174 0.0000e+00
    867.864    144.000     4.1329  30.978404    32.9199    26.1183 0.0000e+00
    869.813    145.000     4.1297  30.976153    32.9199    26.1187 0.0000e+00
    871.876    146.000     4.1261  30.971356    32.9173    26.1170 0.0000e+00
    873.883    147.000     4.0976  30.951229    32.9217    26.1234 0.0000e+00
    875.919    148.000     4.0672  30.930912    32.9277    26.1312 0.0000e+00
    878.166    149.000     4.0581  30.926779    32.9315    26.1351 0.0000e+00
    880.323    150.000     4.0566  30.927529    32.9334    26.1367 0.0000e+00
    882.656    151.000     4.0555  30.928167    32.9347    26.1379 0.0000e+00
    884.849    152.000     4.0549  30.928897    32.9356    26.1387 0.0000e+00
    887.258    153.000     4.0562  30.934462    32.9404    26.1424 0.0000e+00
    889.325    154.000     4.0629  30.944594    32.9451    26.1454 0.0000e+00
    891.334    155.000     4.0990  30.982939    32.9535    26.1485 0.0000e+00
    893.454    156.000     4.1151  30.999719    32.9566    26.1493 0.0000e+00
    895.508    157.000     4.1188  31.004247    32.9577    26.1498 0.0000e+00
    897.649    158.000     4.1223  31.007888    32.9579    26.1497 0.0000e+00
    899.688    159.000     4.1249  31.010619    32.9580    26.1495 0.0000e+00
    901.680    160.000     4.1515  31.038752    32.9639    26.1515 0.0000e+00
    903.678    161.000     4.1819  31.071482    32.9714    26.1543 0.0000e+00
    905.915    162.000     4.1821  31.072036    32.9713    26.1543 0.0000e+00
    908.003    163.000     4.1813  31.072213    32.9718    26.1547 0.0000e+00
    909.950    164.000     4.1881  31.080882    32.9747    26.1563 0.0000e+00
    911.885    165.000     4.1933  31.089873    32.9795    26.1596 0.0000e+00
    913.879    166.000     4.1916  31.091168    32.9822    26.1620 0.0000e+00
    915.889    167.000     4.1855  31.087353    32.9833    26.1635 0.0000e+00
    917.928    168.000     4.2006  31.104884    32.9883    26.1658 0.0000e+00
    920.037    169.000     4.2182  31.124296    32.9929    26.1677 0.0000e+00
    922.159    170.000     4.2200  31.128816    32.9959    26.1699 0.0000e+00
    923.990    171.000     4.1746  31.088646    32.9937    26.1728 0.0000e+00
    925.950    172.000     4.1450  31.064199    32.9942    26.1762 0.0000e+00
    928.154    173.000     4.1246  31.047322    32.9943    26.1783 0.0000e+00
    930.247    174.000     4.1260  31.051225    32.9970    26.1803 0.0000e+00
    932.304    175.000     4.1310  31.057331    32.9986    26.1811 0.0000e+00
    934.319    176.000     4.1249  31.052363    32.9984    26.1815 0.0000e+00
    936.370    177.000     4.1486  31.079064    33.0055    26.1848 0.0000e+00
    938.337    178.000     4.1815  31.115202    33.0144    26.1886 0.0000e+00
    940.264    179.000     4.1794  31.114917    33.0157    26.1898 0.0000e+00
    942.249    180.000     4.1503  31.091671    33.0170    26.1938 0.0000e+00
    944.149    181.000     4.0737  31.024953    33.0149    26.1999 0.0000e+00
    946.106    182.000     4.0333  30.991691    33.0158    26.2047 0.0000e+00
    947.919    183.000     4.0158  30.980272    33.0195    26.2093 0.0000e+00
    949.907    184.000     4.0072  30.976180    33.0228    26.2128 0.0000e+00
    951.874    185.000     4.0000  30.971571    33.0241    26.2145 0.0000e+00
    953.660    186.000     3.9930  30.966506    33.0246    26.2156 0.0000e+00
    955.613    187.000     3.9824  30.957418    33.0240    26.2162 0.0000e+00
    957.534    188.000     3.9855  30.962956    33.0269    26.2182 0.0000e+00
    959.431    189.000     3.9972  30.979000    33.0336    26.2224 0.0000e+00
    961.113    190.000     3.9826  30.968090    33.0349    26.2248 0.0000e+00
    963.101    191.000     3.9717  30.960665    33.0366    26.2273 0.0000e+00
    965.376    192.000     3.9329  30.929366    33.0382    26.2324 0.0000e+00
    967.123    193.000     3.9028  30.908842    33.0437    26.2398 0.0000e+00
    969.163    194.000     3.8892  30.903236    33.0503    26.2463 0.0000e+00
    971.095    195.000     3.8805  30.900323    33.0551    26.2510 0.0000e+00
    972.923    196.000     3.8598  30.887038    33.0598    26.2567 0.0000e+00
    974.937    197.000     3.8464  30.880714    33.0653    26.2624 0.0000e+00
    976.785    198.000     3.8405  30.879038    33.0687    26.2658 0.0000e+00
    978.700    199.000     3.8334  30.875265    33.0709    26.2682 0.0000e+00
    980.616    200.000     3.8276  30.871827    33.0722    26.2698 0.0000e+00
    982.481    201.000     3.8211  30.868070    33.0738    26.2717 0.0000e+00
    984.317    202.000     3.8142  30.864018    33.0754    26.2737 0.0000e+00
    986.393    203.000     3.8095  30.861237    33.0764    26.2749 0.0000e+00
    988.334    204.000     3.8058  30.859291    33.0773    26.2760 0.0000e+00
    990.322    205.000     3.7986  30.856443    33.0807    26.2793 0.0000e+00
