data/seacat/current/bon028.cnv
* Sea-Bird SBE 19plus Data File:
* FileName = C:\Sea-Bird Data\2014\DY1405\Casts\BON028.hex
* Software Version Seasave V 7.22.3
* Temperature SN = 4530
* Conductivity SN = 4530
* System UpLoad Time = May 10 2014 22:00:02
* Real-Time Sample Interval = 0.2500 seconds
* System UTC = May 10 2014 22:00:02
# nquan = 7                                 
# nvalues = 133                         
# units = specified
# name 0 = timeS: Time, Elapsed [seconds]
# name 1 = prdM: Pressure, Strain Gauge [db]
# name 2 = tv290C: Temperature [ITS-90, deg C]
# name 3 = c0mS/cm: Conductivity [mS/cm]
# name 4 = sal00: Salinity, Practical [PSU]
# name 5 = sigma-t00: Density [sigma-t, Kg/m^3 ]
# name 6 = flag: flag
# span 0 =     61.757,    472.639       
# span 1 =      1.000,     67.000       
# span 2 =     1.6621,     3.3592       
# span 3 =  16.879969,  29.715158       
# span 4 =    17.3740,    32.7967       
# span 5 =    13.8271,    26.1445       
# span 6 = 0.0000e+00, 0.0000e+00       
# interval = decibars: 1                
# start_time = May 10 2014 22:00:02 [System UTC, header]
# bad_flag = -9.990e-29
*END*
     61.757      1.000     3.3592  16.879969    17.3740    13.8271 0.0000e+00
     62.789      2.000     2.7507  28.162004    30.9902    24.7053 0.0000e+00
     68.294      3.000     2.8094  29.537341    32.6041    25.9890 0.0000e+00
     73.722      4.000     2.8529  29.584531    32.6169    25.9955 0.0000e+00
     75.523      5.000     2.9077  29.609519    32.5911    25.9703 0.0000e+00
     77.882      6.000     2.8407  29.609800    32.6590    26.0302 0.0000e+00
     79.817      7.000     2.9315  29.646971    32.6114    25.9845 0.0000e+00
     81.998      8.000     2.8606  29.638086    32.6721    26.0390 0.0000e+00
     83.996      9.000     2.8835  29.662986    32.6786    26.0422 0.0000e+00
     86.167     10.000     2.9045  29.649793    32.6407    26.0102 0.0000e+00
     88.376     11.000     2.8492  29.673023    32.7247    26.0819 0.0000e+00
     90.406     12.000     2.8555  29.700939    32.7517    26.1030 0.0000e+00
     92.655     13.000     2.8702  29.715158    32.7535    26.1031 0.0000e+00
     95.471     14.000     2.8020  29.669329    32.7667    26.1194 0.0000e+00
     97.899     15.000     2.7888  29.683261    32.7967    26.1445 0.0000e+00
    100.200     16.000     2.8243  29.663510    32.7358    26.0929 0.0000e+00
    102.452     17.000     2.6001  29.277389    32.4916    25.9163 0.0000e+00
    104.804     18.000     2.5043  29.129532    32.4070    25.8563 0.0000e+00
    107.280     19.000     2.5024  29.124206    32.4018    25.8523 0.0000e+00
    109.193     20.000     2.4916  29.114197    32.3999    25.8517 0.0000e+00
    110.930     21.000     2.4683  29.093228    32.3973    25.8514 0.0000e+00
    113.087     22.000     2.4720  29.097506    32.3982    25.8519 0.0000e+00
    115.929     23.000     2.3232  28.969862    32.3918    25.8583 0.0000e+00
    118.078     24.000     2.1362  28.811695    32.3862    25.8679 0.0000e+00
    119.808     25.000     2.0885  28.773866    32.3874    25.8724 0.0000e+00
    121.576     26.000     2.0783  28.766108    32.3876    25.8734 0.0000e+00
    124.510     27.000     2.0681  28.758595    32.3882    25.8746 0.0000e+00
    126.925     28.000     2.0493  28.744804    32.3897    25.8772 0.0000e+00
    128.616     29.000     2.0392  28.737540    32.3905    25.8785 0.0000e+00
    130.200     30.000     2.0300  28.730871    32.3910    25.8796 0.0000e+00
    132.650     31.000     2.0117  28.716880    32.3918    25.8816 0.0000e+00
    135.752     32.000     1.9955  28.704847    32.3928    25.8836 0.0000e+00
    137.192     33.000     1.9906  28.702144    32.3939    25.8848 0.0000e+00
    138.642     34.000     1.9801  28.696159    32.3967    25.8878 0.0000e+00
    140.836     35.000     1.9600  28.683307    32.4007    25.8925 0.0000e+00
    143.223     36.000     1.9448  28.673882    32.4040    25.8962 0.0000e+00
    145.270     37.000     1.8895  28.634720    32.4113    25.9060 0.0000e+00
    146.934     38.000     1.7983  28.564979    32.4172    25.9171 0.0000e+00
    148.488     39.000     1.7607  28.537952    32.4214    25.9232 0.0000e+00
    150.313     40.000     1.7314  28.515662    32.4231    25.9265 0.0000e+00
    152.572     41.000     1.7244  28.510437    32.4232    25.9271 0.0000e+00
    154.568     42.000     1.7117  28.500728    32.4235    25.9282 0.0000e+00
    156.292     43.000     1.7024  28.493896    32.4240    25.9292 0.0000e+00
    157.970     44.000     1.6967  28.489998    32.4244    25.9300 0.0000e+00
    159.707     45.000     1.6856  28.481645    32.4248    25.9310 0.0000e+00
    161.669     46.000     1.6786  28.476605    32.4251    25.9318 0.0000e+00
    163.663     47.000     1.6789  28.477208    32.4250    25.9317 0.0000e+00
    165.636     48.000     1.6790  28.477400    32.4246    25.9313 0.0000e+00
    167.597     49.000     1.6773  28.476392    32.4245    25.9314 0.0000e+00
    169.472     50.000     1.6744  28.474707    32.4248    25.9318 0.0000e+00
    171.277     51.000     1.6674  28.469421    32.4248    25.9323 0.0000e+00
    173.523     52.000     1.6674  28.469865    32.4248    25.9323 0.0000e+00
    176.056     53.000     1.6759  28.476894    32.4244    25.9314 0.0000e+00
    177.933     54.000     1.6761  28.477254    32.4241    25.9311 0.0000e+00
    179.753     55.000     1.6749  28.476780    32.4241    25.9313 0.0000e+00
    181.615     56.000     1.6724  28.475300    32.4243    25.9316 0.0000e+00
    183.797     57.000     1.6654  28.470286    32.4247    25.9323 0.0000e+00
    186.095     58.000     1.6631  28.469187    32.4251    25.9328 0.0000e+00
    187.880     59.000     1.6632  28.469603    32.4250    25.9327 0.0000e+00
    189.459     60.000     1.6638  28.470409    32.4248    25.9326 0.0000e+00
    191.188     61.000     1.6655  28.472207    32.4248    25.9324 0.0000e+00
    193.011     62.000     1.6654  28.472310    32.4245    25.9322 0.0000e+00
    194.795     63.000     1.6653  28.472768    32.4246    25.9323 0.0000e+00
    196.655     64.000     1.6632  28.471485    32.4246    25.9324 0.0000e+00
    198.508     65.000     1.6626  28.471493    32.4247    25.9325 0.0000e+00
    200.044     66.000     1.6621  28.471668    32.4248    25.9327 0.0000e+00
    203.840     67.000     1.6625  28.472338    32.4247    25.9326 0.0000e+00
    211.084     66.000     1.6625  28.471888    32.4247    25.9326 0.0000e+00
    214.458     65.000     1.6630  28.471820    32.4247    25.9325 0.0000e+00
    220.526     64.000     1.6635  28.471700    32.4245    25.9324 0.0000e+00
    222.421     63.000     1.6648  28.472246    32.4244    25.9322 0.0000e+00
    225.949     62.000     1.6635  28.470820    32.4245    25.9324 0.0000e+00
    230.764     61.000     1.6629  28.469900    32.4246    25.9324 0.0000e+00
    232.818     60.000     1.6649  28.471027    32.4245    25.9322 0.0000e+00
    237.863     59.000     1.6677  28.472715    32.4243    25.9318 0.0000e+00
    241.673     58.000     1.6647  28.469985    32.4245    25.9322 0.0000e+00
    245.052     57.000     1.6701  28.473640    32.4240    25.9315 0.0000e+00
    249.417     56.000     1.6725  28.475042    32.4239    25.9312 0.0000e+00
    252.967     55.000     1.6725  28.474691    32.4240    25.9313 0.0000e+00
    255.927     54.000     1.6735  28.474939    32.4238    25.9311 0.0000e+00
    261.269     53.000     1.6800  28.479504    32.4234    25.9303 0.0000e+00
    264.032     52.000     1.6810  28.479836    32.4234    25.9302 0.0000e+00
    268.078     51.000     1.6813  28.479570    32.4233    25.9301 0.0000e+00
    272.459     50.000     1.6801  28.478263    32.4234    25.9303 0.0000e+00
    275.499     49.000     1.6774  28.475762    32.4236    25.9307 0.0000e+00
    280.834     48.000     1.6749  28.473450    32.4238    25.9310 0.0000e+00
    283.673     47.000     1.6787  28.475925    32.4236    25.9306 0.0000e+00
    287.638     46.000     1.6755  28.473040    32.4238    25.9310 0.0000e+00
    291.936     45.000     1.6721  28.469870    32.4239    25.9312 0.0000e+00
    294.618     44.000     1.6820  28.477208    32.4235    25.9302 0.0000e+00
    298.677     43.000     1.7051  28.494198    32.4215    25.9271 0.0000e+00
    302.538     42.000     1.7223  28.506851    32.4203    25.9249 0.0000e+00
    305.345     41.000     1.7322  28.513941    32.4195    25.9236 0.0000e+00
    310.454     40.000     1.7464  28.524325    32.4185    25.9218 0.0000e+00
    312.338     39.000     1.7467  28.524174    32.4186    25.9218 0.0000e+00
    317.091     38.000     1.7512  28.527280    32.4184    25.9214 0.0000e+00
    320.711     37.000     1.7793  28.547644    32.4155    25.9172 0.0000e+00
    325.176     36.000     1.8958  28.634156    32.4047    25.9002 0.0000e+00
    329.229     35.000     1.9208  28.651372    32.4011    25.8956 0.0000e+00
    332.652     34.000     1.9658  28.682156    32.3939    25.8866 0.0000e+00
    336.686     33.000     1.9970  28.704103    32.3898    25.8811 0.0000e+00
    339.922     32.000     2.0097  28.713552    32.3891    25.8796 0.0000e+00
    343.711     31.000     2.0179  28.719482    32.3887    25.8786 0.0000e+00
    348.151     30.000     2.0341  28.731235    32.3873    25.8763 0.0000e+00
    352.417     29.000     2.0517  28.743727    32.3854    25.8735 0.0000e+00
    356.323     28.000     2.0637  28.752068    32.3840    25.8716 0.0000e+00
    361.352     27.000     2.0743  28.759628    32.3831    25.8701 0.0000e+00
    364.440     26.000     2.0831  28.765746    32.3823    25.8687 0.0000e+00
    369.376     25.000     2.0987  28.777336    32.3813    25.8668 0.0000e+00
    372.860     24.000     2.1041  28.780979    32.3808    25.8660 0.0000e+00
    378.316     23.000     2.1220  28.793934    32.3792    25.8634 0.0000e+00
    382.432     22.000     2.2022  28.861602    32.3818    25.8595 0.0000e+00
    387.828     21.000     2.3553  28.990858    32.3861    25.8513 0.0000e+00
    393.169     20.000     2.4250  29.050419    32.3891    25.8483 0.0000e+00
    398.684     19.000     2.4679  29.087161    32.3913    25.8467 0.0000e+00
    401.992     18.000     2.4863  29.103085    32.3927    25.8464 0.0000e+00
    408.561     17.000     2.5004  29.115314    32.3940    25.8463 0.0000e+00
    412.133     16.000     2.5146  29.127214    32.3947    25.8457 0.0000e+00
    417.917     15.000     2.5173  29.128458    32.3941    25.8450 0.0000e+00
    421.147     14.000     2.5329  29.141664    32.3950    25.8445 0.0000e+00
    426.669     13.000     2.5448  29.151132    32.3951    25.8436 0.0000e+00
    429.765     12.000     2.5480  29.153137    32.3948    25.8431 0.0000e+00
    435.194     11.000     2.5517  29.155787    32.3949    25.8429 0.0000e+00
    438.213     10.000     2.5523  29.155878    32.3949    25.8429 0.0000e+00
    442.385      9.000     2.5607  29.161779    32.3942    25.8416 0.0000e+00
    446.173      8.000     2.5648  29.164226    32.3935    25.8408 0.0000e+00
    449.150      7.000     2.5725  29.169627    32.3929    25.8396 0.0000e+00
    452.846      6.000     2.5891  29.181196    32.3908    25.8366 0.0000e+00
    457.122      5.000     2.6212  29.205690    32.3888    25.8325 0.0000e+00
    460.500      4.000     2.6264  29.209179    32.3883    25.8317 0.0000e+00
    464.978      3.000     2.6255  29.208016    32.3884    25.8318 0.0000e+00
    468.681      2.000     2.6324  29.213107    32.3882    25.8311 0.0000e+00
    472.639      1.000     2.6343  29.121768    32.2750    25.7405 0.0000e+00
