data/seacat/current/bon026.cnv
* Sea-Bird SBE 19plus Data File:
* FileName = C:\Sea-Bird Data\2014\DY1405\Casts\BON026.hex
* Software Version Seasave V 7.22.3
* Temperature SN = 4530
* Conductivity SN = 4530
* System UpLoad Time = May 10 2014 18:08:08
* Real-Time Sample Interval = 0.2500 seconds
* System UTC = May 10 2014 18:08:08
# nquan = 7                                 
# nvalues = 123                         
# units = specified
# name 0 = timeS: Time, Elapsed [seconds]
# name 1 = prdM: Pressure, Strain Gauge [db]
# name 2 = tv290C: Temperature [ITS-90, deg C]
# name 3 = c0mS/cm: Conductivity [mS/cm]
# name 4 = sal00: Salinity, Practical [PSU]
# name 5 = sigma-t00: Density [sigma-t, Kg/m^3 ]
# name 6 = flag: flag
# span 0 =    115.198,    490.433       
# span 1 =      1.000,     62.000       
# span 2 =     1.8187,     3.7490       
# span 3 =  28.066414,  29.933277       
# span 4 =    30.0123,    32.3855       
# span 5 =    23.8506,    25.8903       
# span 6 = 0.0000e+00, 0.0000e+00       
# interval = decibars: 1                
# start_time = May 10 2014 18:08:08 [System UTC, header]
# bad_flag = -9.990e-29
*END*
    115.198      1.000     3.6660  28.066414    30.0123    23.8506 0.0000e+00
    118.677      2.000     3.6895  29.465333    31.6434    25.1460 0.0000e+00
    125.029      3.000     3.7110  29.834101    32.0594    25.4751 0.0000e+00
    128.293      4.000     3.7490  29.845197    32.0347    25.4518 0.0000e+00
    130.342      5.000     3.6963  29.874219    32.1205    25.5250 0.0000e+00
    132.448      6.000     3.6814  29.895300    32.1597    25.5577 0.0000e+00
    134.505      7.000     3.6696  29.909372    32.1876    25.5809 0.0000e+00
    136.380      8.000     3.6741  29.917603    32.1924    25.5844 0.0000e+00
    138.261      9.000     3.6943  29.921545    32.1766    25.5699 0.0000e+00
    140.054     10.000     3.7488  29.912339    32.1114    25.5129 0.0000e+00
    142.267     11.000     3.7258  29.922101    32.1452    25.5419 0.0000e+00
    144.595     12.000     3.6739  29.933277    32.2092    25.5977 0.0000e+00
    146.460     13.000     3.6840  29.930622    32.1955    25.5859 0.0000e+00
    148.634     14.000     3.7154  29.928707    32.1617    25.5561 0.0000e+00
    151.045     15.000     3.5826  29.904804    32.2642    25.6500 0.0000e+00
    153.216     16.000     3.2542  29.622931    32.2529    25.6706 0.0000e+00
    155.234     17.000     3.0144  29.440533    32.2721    25.7067 0.0000e+00
    156.991     18.000     2.6932  29.202039    32.3046    25.7594 0.0000e+00
    158.904     19.000     2.3569  28.964252    32.3527    25.8245 0.0000e+00
    161.023     20.000     2.1598  28.812498    32.3653    25.8494 0.0000e+00
    163.324     21.000     2.0750  28.743682    32.3659    25.8562 0.0000e+00
    165.077     22.000     2.0035  28.686202    32.3669    25.8623 0.0000e+00
    166.913     23.000     1.9643  28.654254    32.3667    25.8649 0.0000e+00
    169.198     24.000     1.9371  28.632173    32.3664    25.8667 0.0000e+00
    171.079     25.000     1.9206  28.619119    32.3665    25.8679 0.0000e+00
    173.218     26.000     1.9132  28.613311    32.3663    25.8683 0.0000e+00
    175.160     27.000     1.9073  28.608814    32.3662    25.8686 0.0000e+00
    176.791     28.000     1.9004  28.603364    32.3659    25.8688 0.0000e+00
    178.661     29.000     1.8951  28.599270    32.3657    25.8690 0.0000e+00
    180.926     30.000     1.8899  28.595337    32.3655    25.8693 0.0000e+00
    182.897     31.000     1.8829  28.590628    32.3663    25.8704 0.0000e+00
    184.478     32.000     1.8773  28.586938    32.3669    25.8713 0.0000e+00
    186.321     33.000     1.8752  28.586076    32.3674    25.8718 0.0000e+00
    188.456     34.000     1.8719  28.584870    32.3687    25.8731 0.0000e+00
    190.285     35.000     1.8673  28.582600    32.3700    25.8745 0.0000e+00
    192.289     36.000     1.8629  28.580442    32.3713    25.8758 0.0000e+00
    194.199     37.000     1.8559  28.577015    32.3736    25.8782 0.0000e+00
    195.790     38.000     1.8484  28.573423    32.3763    25.8809 0.0000e+00
    197.589     39.000     1.8423  28.570631    32.3785    25.8831 0.0000e+00
    199.684     40.000     1.8364  28.567783    32.3805    25.8850 0.0000e+00
    201.661     41.000     1.8328  28.566099    32.3815    25.8861 0.0000e+00
    203.261     42.000     1.8307  28.565402    32.3822    25.8869 0.0000e+00
    204.797     43.000     1.8280  28.564220    32.3830    25.8876 0.0000e+00
    206.661     44.000     1.8252  28.563040    32.3838    25.8885 0.0000e+00
    208.756     45.000     1.8228  28.561978    32.3844    25.8892 0.0000e+00
    210.544     46.000     1.8216  28.561593    32.3846    25.8894 0.0000e+00
    212.091     47.000     1.8209  28.561579    32.3848    25.8896 0.0000e+00
    213.731     48.000     1.8210  28.562071    32.3847    25.8895 0.0000e+00
    215.791     49.000     1.8217  28.562955    32.3846    25.8894 0.0000e+00
    217.578     50.000     1.8207  28.562644    32.3846    25.8895 0.0000e+00
    219.506     51.000     1.8196  28.562498    32.3850    25.8899 0.0000e+00
    221.465     52.000     1.8196  28.562949    32.3851    25.8899 0.0000e+00
    223.186     53.000     1.8194  28.563147    32.3850    25.8898 0.0000e+00
    225.415     54.000     1.8193  28.563681    32.3852    25.8900 0.0000e+00
    227.633     55.000     1.8191  28.563880    32.3851    25.8900 0.0000e+00
    229.275     56.000     1.8188  28.564094    32.3851    25.8900 0.0000e+00
    230.960     57.000     1.8188  28.564560    32.3851    25.8900 0.0000e+00
    233.061     58.000     1.8190  28.565185    32.3852    25.8900 0.0000e+00
    235.333     59.000     1.8191  28.565725    32.3852    25.8901 0.0000e+00
    237.153     60.000     1.8189  28.566006    32.3852    25.8901 0.0000e+00
    238.585     61.000     1.8187  28.566120    32.3850    25.8899 0.0000e+00
    245.145     62.000     1.8193  28.567203    32.3852    25.8900 0.0000e+00
    253.335     61.000     1.8197  28.567127    32.3852    25.8900 0.0000e+00
    257.138     60.000     1.8195  28.566486    32.3852    25.8900 0.0000e+00
    261.359     59.000     1.8194  28.565908    32.3851    25.8900 0.0000e+00
    263.209     58.000     1.8194  28.565460    32.3851    25.8900 0.0000e+00
    267.574     57.000     1.8192  28.564957    32.3852    25.8901 0.0000e+00
    271.149     56.000     1.8192  28.564634    32.3854    25.8902 0.0000e+00
    274.643     55.000     1.8192  28.564282    32.3855    25.8903 0.0000e+00
    279.160     54.000     1.8190  28.563281    32.3850    25.8899 0.0000e+00
    281.707     53.000     1.8192  28.563277    32.3853    25.8902 0.0000e+00
    285.429     52.000     1.8200  28.563516    32.3854    25.8901 0.0000e+00
    288.992     51.000     1.8220  28.564410    32.3850    25.8897 0.0000e+00
    291.417     50.000     1.8215  28.563758    32.3852    25.8899 0.0000e+00
    294.167     49.000     1.8215  28.563225    32.3851    25.8898 0.0000e+00
    297.045     48.000     1.8214  28.562634    32.3850    25.8897 0.0000e+00
    299.077     47.000     1.8217  28.562459    32.3850    25.8897 0.0000e+00
    301.665     46.000     1.8221  28.562251    32.3849    25.8896 0.0000e+00
    305.556     45.000     1.8215  28.561031    32.3846    25.8894 0.0000e+00
    309.109     44.000     1.8202  28.559213    32.3842    25.8891 0.0000e+00
    312.120     43.000     1.8202  28.559791    32.3854    25.8902 0.0000e+00
    314.822     42.000     1.8217  28.560284    32.3851    25.8898 0.0000e+00
    318.234     41.000     1.8264  28.562684    32.3838    25.8884 0.0000e+00
    321.346     40.000     1.8258  28.561843    32.3839    25.8885 0.0000e+00
    323.999     39.000     1.8289  28.563229    32.3830    25.8876 0.0000e+00
    328.965     38.000     1.8384  28.567955    32.3797    25.8843 0.0000e+00
    330.463     37.000     1.8449  28.570767    32.3771    25.8818 0.0000e+00
    335.500     36.000     1.8616  28.578202    32.3698    25.8748 0.0000e+00
    337.993     35.000     1.8632  28.578546    32.3692    25.8741 0.0000e+00
    341.032     34.000     1.8659  28.579732    32.3684    25.8733 0.0000e+00
    345.170     33.000     1.8691  28.581081    32.3674    25.8723 0.0000e+00
    347.527     32.000     1.8731  28.583458    32.3668    25.8715 0.0000e+00
    350.875     31.000     1.8784  28.586865    32.3662    25.8706 0.0000e+00
    354.458     30.000     1.8844  28.590892    32.3656    25.8698 0.0000e+00
    358.072     29.000     1.8932  28.597025    32.3648    25.8685 0.0000e+00
    361.314     28.000     1.8960  28.598614    32.3645    25.8680 0.0000e+00
    366.427     27.000     1.8974  28.599131    32.3642    25.8677 0.0000e+00
    369.170     26.000     1.9025  28.602663    32.3640    25.8671 0.0000e+00
    375.397     25.000     1.9082  28.606533    32.3635    25.8664 0.0000e+00
    378.566     24.000     1.9206  28.615555    32.3626    25.8648 0.0000e+00
    383.616     23.000     1.9259  28.619155    32.3622    25.8641 0.0000e+00
    388.243     22.000     1.9594  28.644457    32.3600    25.8599 0.0000e+00
    393.381     21.000     1.9957  28.672225    32.3580    25.8557 0.0000e+00
    397.584     20.000     2.0587  28.720392    32.3541    25.8480 0.0000e+00
    402.673     19.000     2.1120  28.761003    32.3507    25.8413 0.0000e+00
    406.754     18.000     2.1632  28.800761    32.3483    25.8356 0.0000e+00
    411.664     17.000     2.4728  29.029770    32.3169    25.7868 0.0000e+00
    416.818     16.000     2.9802  29.409298    32.2691    25.7072 0.0000e+00
    422.154     15.000     3.2843  29.640853    32.2450    25.6616 0.0000e+00
    425.593     14.000     3.3197  29.666022    32.2405    25.6549 0.0000e+00
    430.256     13.000     3.3679  29.705248    32.2401    25.6503 0.0000e+00
    434.087     12.000     3.4455  29.765839    32.2360    25.6400 0.0000e+00
    439.983     11.000     3.4971  29.806272    32.2336    25.6334 0.0000e+00
    443.669     10.000     3.5314  29.832941    32.2319    25.6290 0.0000e+00
    448.188      9.000     3.5578  29.853355    32.2306    25.6255 0.0000e+00
    451.945      8.000     3.5576  29.853282    32.2312    25.6260 0.0000e+00
    456.133      7.000     3.5565  29.852546    32.2319    25.6267 0.0000e+00
    459.582      6.000     3.5631  29.857275    32.2316    25.6258 0.0000e+00
    464.270      5.000     3.5652  29.858690    32.2317    25.6257 0.0000e+00
    469.100      4.000     3.5636  29.857144    32.2320    25.6261 0.0000e+00
    481.015      3.000     3.5689  29.861411    32.2323    25.6258 0.0000e+00
    487.815      2.000     3.5661  29.858779    32.2325    25.6262 0.0000e+00
    490.433      1.000     3.5632  29.804664    32.1713    25.5778 0.0000e+00
