data/seacat/current/bon017.cnv
* Sea-Bird SBE 19plus Data File:
* FileName = C:\Sea-Bird Data\2014\DY1405\Casts\BON017.hex
* Software Version Seasave V 7.22.3
* Temperature SN = 4530
* Conductivity SN = 4530
* System UpLoad Time = May 09 2014 17:20:10
* Real-Time Sample Interval = 0.2500 seconds
* System UTC = May 09 2014 17:20:10
# nquan = 7                                 
# nvalues = 133                         
# units = specified
# name 0 = timeS: Time, Elapsed [seconds]
# name 1 = prdM: Pressure, Strain Gauge [db]
# name 2 = tv290C: Temperature [ITS-90, deg C]
# name 3 = c0mS/cm: Conductivity [mS/cm]
# name 4 = sal00: Salinity, Practical [PSU]
# name 5 = sigma-t00: Density [sigma-t, Kg/m^3 ]
# name 6 = flag: flag
# span 0 =    126.488,    512.152       
# span 1 =      1.000,     67.000       
# span 2 =     2.5870,     4.4163       
# span 3 =  25.466367,  30.045221       
# span 4 =    26.3578,    32.0103       
# span 5 =    20.8844,    25.5322       
# span 6 = 0.0000e+00, 0.0000e+00       
# interval = decibars: 1                
# start_time = May 09 2014 17:20:10 [System UTC, header]
# bad_flag = -9.990e-29
*END*
    126.488      1.000     4.4163  25.466367    26.3578    20.8844 0.0000e+00
    128.538      2.000     4.2902  29.639712    31.2711    24.7930 0.0000e+00
    130.560      3.000     4.2964  29.774459    31.4217    24.9120 0.0000e+00
    137.691      4.000     4.3048  29.972177    31.6437    25.0874 0.0000e+00
    139.217      5.000     4.2924  29.969306    31.6518    25.0951 0.0000e+00
    141.505      6.000     4.3012  29.978147    31.6532    25.0953 0.0000e+00
    143.274      7.000     4.2717  29.973402    31.6755    25.1159 0.0000e+00
    144.608      8.000     4.2601  29.971776    31.6843    25.1241 0.0000e+00
    146.493      9.000     4.2799  29.985963    31.6813    25.1197 0.0000e+00
    148.439     10.000     4.2928  29.989362    31.6723    25.1113 0.0000e+00
    150.042     11.000     4.2619  29.978348    31.6887    25.1274 0.0000e+00
    151.871     12.000     4.2550  29.992757    31.7117    25.1463 0.0000e+00
    154.099     13.000     4.2978  30.010393    31.6905    25.1253 0.0000e+00
    156.228     14.000     4.3181  30.013925    31.6746    25.1106 0.0000e+00
    158.204     15.000     4.3267  30.015388    31.6676    25.1041 0.0000e+00
    160.319     16.000     4.3340  30.012870    31.6571    25.0951 0.0000e+00
    162.688     17.000     4.3426  30.009660    31.6446    25.0843 0.0000e+00
    164.764     18.000     4.3438  30.008368    31.6414    25.0817 0.0000e+00
    166.640     19.000     4.2537  29.982797    31.6978    25.1354 0.0000e+00
    168.848     20.000     4.2007  29.978426    31.7433    25.1768 0.0000e+00
    170.702     21.000     4.2035  29.995724    31.7604    25.1901 0.0000e+00
    172.460     22.000     4.1895  29.999751    31.7781    25.2055 0.0000e+00
    174.531     23.000     4.1612  29.986822    31.7898    25.2176 0.0000e+00
    176.294     24.000     4.1226  29.961551    31.7971    25.2272 0.0000e+00
    177.900     25.000     4.0858  29.934199    31.8002    25.2332 0.0000e+00
    179.759     26.000     4.0358  29.897299    31.8048    25.2418 0.0000e+00
    181.542     27.000     4.0137  29.881171    31.8068    25.2455 0.0000e+00
    183.020     28.000     4.0240  29.892422    31.8095    25.2466 0.0000e+00
    184.737     29.000     4.0350  29.904151    31.8121    25.2477 0.0000e+00
    186.913     30.000     4.0344  29.904746    31.8129    25.2483 0.0000e+00
    188.589     31.000     4.0286  29.901000    31.8136    25.2495 0.0000e+00
    189.888     32.000     4.0299  29.903393    31.8147    25.2502 0.0000e+00
    191.724     33.000     4.0334  29.907652    31.8158    25.2507 0.0000e+00
    194.648     34.000     4.0360  29.910654    31.8163    25.2508 0.0000e+00
    196.178     35.000     4.0389  29.914404    31.8174    25.2514 0.0000e+00
    197.297     36.000     4.0414  29.917534    31.8181    25.2518 0.0000e+00
    199.154     37.000     4.0422  29.918712    31.8182    25.2518 0.0000e+00
    201.958     38.000     4.0402  29.918297    31.8192    25.2527 0.0000e+00
    203.367     39.000     4.0297  29.909889    31.8190    25.2536 0.0000e+00
    204.642     40.000     4.0064  29.891079    31.8190    25.2558 0.0000e+00
    206.531     41.000     3.9696  29.862410    31.8205    25.2606 0.0000e+00
    208.719     42.000     3.8777  29.796399    31.8316    25.2781 0.0000e+00
    210.382     43.000     3.6270  29.620131    31.8671    25.3298 0.0000e+00
    211.966     44.000     3.2882  29.385967    31.9199    25.4023 0.0000e+00
    213.703     45.000     2.8201  29.053372    31.9819    25.4914 0.0000e+00
    215.443     46.000     2.6259  28.916309    32.0082    25.5281 0.0000e+00
    217.136     47.000     2.5952  28.893351    32.0103    25.5322 0.0000e+00
    219.017     48.000     2.5904  28.888321    32.0084    25.5311 0.0000e+00
    220.671     49.000     2.5896  28.886493    32.0065    25.5296 0.0000e+00
    222.054     50.000     2.5892  28.885636    32.0053    25.5286 0.0000e+00
    223.626     51.000     2.5893  28.885590    32.0046    25.5281 0.0000e+00
    225.567     52.000     2.5892  28.885217    32.0037    25.5274 0.0000e+00
    227.329     53.000     2.5887  28.884552    32.0029    25.5268 0.0000e+00
    228.893     54.000     2.5886  28.884471    32.0023    25.5263 0.0000e+00
    230.509     55.000     2.5884  28.884476    32.0020    25.5261 0.0000e+00
    232.207     56.000     2.5882  28.884621    32.0019    25.5260 0.0000e+00
    234.282     57.000     2.5884  28.884995    32.0016    25.5258 0.0000e+00
    236.442     58.000     2.5885  28.885213    32.0012    25.5255 0.0000e+00
    238.081     59.000     2.5876  28.884596    32.0008    25.5252 0.0000e+00
    239.888     60.000     2.5877  28.884933    32.0006    25.5250 0.0000e+00
    242.609     61.000     2.5883  28.885648    32.0004    25.5248 0.0000e+00
    244.669     62.000     2.5878  28.885590    32.0003    25.5247 0.0000e+00
    246.297     63.000     2.5876  28.885625    32.0000    25.5245 0.0000e+00
    248.446     64.000     2.5880  28.886456    32.0001    25.5246 0.0000e+00
    250.740     65.000     2.5882  28.887033    32.0000    25.5245 0.0000e+00
    253.025     66.000     2.5882  28.887373    31.9999    25.5244 0.0000e+00
    260.769     67.000     2.5892  28.888225    31.9994    25.5240 0.0000e+00
    262.076     66.000     2.5889  28.887753    31.9997    25.5242 0.0000e+00
    265.772     65.000     2.5897  28.887813    31.9995    25.5240 0.0000e+00
    268.085     64.000     2.5890  28.886789    31.9995    25.5240 0.0000e+00
    270.622     63.000     2.5884  28.885826    31.9994    25.5240 0.0000e+00
    272.614     62.000     2.5881  28.885215    31.9995    25.5241 0.0000e+00
    275.055     61.000     2.5881  28.884698    31.9994    25.5240 0.0000e+00
    278.044     60.000     2.5878  28.884135    31.9996    25.5242 0.0000e+00
    280.538     59.000     2.5877  28.883559    31.9995    25.5241 0.0000e+00
    283.699     58.000     2.5876  28.883079    31.9995    25.5242 0.0000e+00
    285.899     57.000     2.5881  28.883038    31.9995    25.5241 0.0000e+00
    288.759     56.000     2.5872  28.882002    31.9997    25.5243 0.0000e+00
    291.643     55.000     2.5870  28.881369    31.9996    25.5243 0.0000e+00
    293.728     54.000     2.5874  28.881182    31.9995    25.5242 0.0000e+00
    297.435     53.000     2.5873  28.880571    31.9994    25.5241 0.0000e+00
    299.680     52.000     2.5877  28.880469    31.9994    25.5241 0.0000e+00
    303.155     51.000     2.5875  28.879840    31.9994    25.5241 0.0000e+00
    306.062     50.000     2.5873  28.879365    31.9995    25.5242 0.0000e+00
    309.091     49.000     2.5880  28.879461    31.9995    25.5241 0.0000e+00
    312.753     48.000     2.5881  28.879034    31.9994    25.5240 0.0000e+00
    315.288     47.000     2.5979  28.885615    31.9982    25.5223 0.0000e+00
    318.858     46.000     2.6133  28.895747    31.9957    25.5190 0.0000e+00
    322.530     45.000     2.7385  28.983123    31.9778    25.4947 0.0000e+00
    326.275     44.000     3.0368  29.189762    31.9323    25.4338 0.0000e+00
    330.244     43.000     3.3494  29.408147    31.8867    25.3704 0.0000e+00
    333.822     42.000     3.6718  29.631278    31.8370    25.3017 0.0000e+00
    337.143     41.000     3.8542  29.763342    31.8159    25.2679 0.0000e+00
    340.063     40.000     3.9357  29.827771    31.8131    25.2580 0.0000e+00
    343.881     39.000     3.9843  29.867132    31.8128    25.2530 0.0000e+00
    345.956     38.000     4.0190  29.897692    31.8155    25.2519 0.0000e+00
    349.874     37.000     4.0371  29.913389    31.8169    25.2512 0.0000e+00
    352.965     36.000     4.0366  29.913026    31.8175    25.2517 0.0000e+00
    356.472     35.000     4.0338  29.910183    31.8174    25.2519 0.0000e+00
    360.479     34.000     4.0279  29.903883    31.8162    25.2515 0.0000e+00
    365.198     33.000     4.0248  29.899759    31.8149    25.2508 0.0000e+00
    368.825     32.000     4.0300  29.902750    31.8138    25.2495 0.0000e+00
    372.863     31.000     4.0323  29.903730    31.8133    25.2488 0.0000e+00
    376.391     30.000     4.0177  29.888792    31.8104    25.2479 0.0000e+00
    380.989     29.000     3.9963  29.867288    31.8064    25.2468 0.0000e+00
    384.586     28.000     4.0207  29.887360    31.8068    25.2448 0.0000e+00
    389.283     27.000     4.1012  29.950520    31.8034    25.2343 0.0000e+00
    393.819     26.000     4.1213  29.963566    31.7997    25.2294 0.0000e+00
    397.749     25.000     4.1451  29.981023    31.7976    25.2254 0.0000e+00
    401.925     24.000     4.1716  29.996962    31.7911    25.2177 0.0000e+00
    405.853     23.000     4.2110  30.017407    31.7775    25.2029 0.0000e+00
    409.948     22.000     4.2187  30.017027    31.7701    25.1963 0.0000e+00
    413.967     21.000     4.2132  30.004429    31.7612    25.1897 0.0000e+00
    418.208     20.000     4.2062  29.986306    31.7472    25.1794 0.0000e+00
    423.100     19.000     4.2257  29.995615    31.7398    25.1715 0.0000e+00
    429.159     18.000     4.1711  29.937099    31.7246    25.1648 0.0000e+00
    433.562     17.000     4.0691  29.836741    31.7060    25.1600 0.0000e+00
    437.457     16.000     4.0751  29.838499    31.7028    25.1568 0.0000e+00
    441.807     15.000     4.1216  29.873630    31.6995    25.1498 0.0000e+00
    445.936     14.000     4.1566  29.904622    31.7026    25.1487 0.0000e+00
    450.436     13.000     4.1741  29.919943    31.7041    25.1483 0.0000e+00
    455.570     12.000     4.1766  29.922086    31.7047    25.1485 0.0000e+00
    460.783     11.000     4.2060  29.948505    31.7077    25.1480 0.0000e+00
    465.498     10.000     4.2350  29.974416    31.7106    25.1474 0.0000e+00
    470.179      9.000     4.2712  30.006911    31.7141    25.1466 0.0000e+00
    474.418      8.000     4.2971  30.030271    31.7169    25.1463 0.0000e+00
    478.813      7.000     4.3144  30.045221    31.7182    25.1456 0.0000e+00
    483.458      6.000     4.3126  30.042378    31.7171    25.1449 0.0000e+00
    488.323      5.000     4.3110  30.040060    31.7165    25.1445 0.0000e+00
    497.966      4.000     4.2972  30.025637    31.7134    25.1435 0.0000e+00
    508.014      3.000     4.2929  30.020888    31.7125    25.1432 0.0000e+00
    509.139      2.000     4.2889  30.016126    31.7113    25.1427 0.0000e+00
    512.152      1.000     4.2871  29.996033    31.6901    25.1260 0.0000e+00
