data/seacat/current/bon048.cnv
* Sea-Bird SBE 19plus Data File:
* FileName = C:\Sea-Bird Data\2014\DY1405\Casts\BON048.hex
* Software Version Seasave V 7.22.3
* Temperature SN = 4530
* Conductivity SN = 4530
* System UpLoad Time = May 16 2014 11:44:36
* Real-Time Sample Interval = 0.2500 seconds
* System UTC = May 16 2014 11:44:36
# nquan = 7                                 
# nvalues = 607                         
# units = specified
# name 0 = timeS: Time, Elapsed [seconds]
# name 1 = prdM: Pressure, Strain Gauge [db]
# name 2 = tv290C: Temperature [ITS-90, deg C]
# name 3 = c0mS/cm: Conductivity [mS/cm]
# name 4 = sal00: Salinity, Practical [PSU]
# name 5 = sigma-t00: Density [sigma-t, Kg/m^3 ]
# name 6 = flag: flag
# span 0 =    328.380,   2110.946       
# span 1 =      1.000,    304.000       
# span 2 =     3.4152,     6.1602       
# span 3 =  27.111587,  32.319205       
# span 4 =    27.0350,    33.5872       
# span 5 =    21.2798,    26.6701       
# span 6 = 0.0000e+00, 0.0000e+00       
# interval = decibars: 1                
# start_time = May 16 2014 11:44:36 [System UTC, header]
# bad_flag = -9.990e-29
*END*
[from data line 206]
    743.475    207.000     3.7904  31.028398    33.2921    26.4484 0.0000e+00
    745.385    208.000     3.7954  31.035827    33.2953    26.4505 0.0000e+00
    747.198    209.000     3.8002  31.043457    33.2990    26.4529 0.0000e+00
    749.133    210.000     3.8070  31.052635    33.3024    26.4550 0.0000e+00
    751.187    211.000     3.8111  31.058042    33.3041    26.4560 0.0000e+00
    753.211    212.000     3.8140  31.062425    33.3059    26.4571 0.0000e+00
    755.033    213.000     3.8206  31.072035    33.3100    26.4597 0.0000e+00
    756.960    214.000     3.8248  31.079809    33.3145    26.4628 0.0000e+00
    758.954    215.000     3.8241  31.083945    33.3196    26.4670 0.0000e+00
    760.988    216.000     3.8217  31.084782    33.3225    26.4695 0.0000e+00
    763.048    217.000     3.8263  31.092444    33.3264    26.4722 0.0000e+00
    764.979    218.000     3.8338  31.102167    33.3297    26.4741 0.0000e+00
    766.958    219.000     3.8368  31.106211    33.3310    26.4748 0.0000e+00
    768.752    220.000     3.8398  31.110729    33.3327    26.4759 0.0000e+00
    770.433    221.000     3.8474  31.122770    33.3388    26.4799 0.0000e+00
    772.222    222.000     3.8548  31.136001    33.3464    26.4853 0.0000e+00
    774.116    223.000     3.8569  31.139809    33.3482    26.4866 0.0000e+00
    775.940    224.000     3.8577  31.141390    33.3488    26.4869 0.0000e+00
    777.598    225.000     3.8586  31.143110    33.3494    26.4873 0.0000e+00
    779.218    226.000     3.8593  31.144704    33.3500    26.4877 0.0000e+00
    780.952    227.000     3.8602  31.146744    33.3510    26.4884 0.0000e+00
    782.616    228.000     3.8610  31.148631    33.3519    26.4891 0.0000e+00
    784.308    229.000     3.8619  31.150416    33.3526    26.4895 0.0000e+00
    786.151    230.000     3.8636  31.153914    33.3545    26.4909 0.0000e+00
    787.876    231.000     3.8650  31.156891    33.3561    26.4920 0.0000e+00
    789.701    232.000     3.8661  31.159531    33.3576    26.4930 0.0000e+00
    791.509    233.000     3.8680  31.165960    33.3627    26.4970 0.0000e+00
    793.354    234.000     3.8698  31.173069    33.3688    26.5016 0.0000e+00
    795.431    235.000     3.8694  31.175491    33.3715    26.5039 0.0000e+00
    797.491    236.000     3.8689  31.177290    33.3737    26.5056 0.0000e+00
    799.332    237.000     3.8699  31.181799    33.3775    26.5085 0.0000e+00
    801.272    238.000     3.8737  31.189393    33.3821    26.5118 0.0000e+00
    803.086    239.000     3.8756  31.192744    33.3836    26.5128 0.0000e+00
    804.933    240.000     3.8759  31.193655    33.3838    26.5130 0.0000e+00
    806.807    241.000     3.8765  31.195224    33.3846    26.5135 0.0000e+00
    808.597    242.000     3.8769  31.196511    33.3852    26.5139 0.0000e+00
    810.313    243.000     3.8777  31.198495    33.3862    26.5147 0.0000e+00
    812.028    244.000     3.8788  31.201774    33.3884    26.5163 0.0000e+00
    813.801    245.000     3.8796  31.204387    33.3902    26.5177 0.0000e+00
    815.569    246.000     3.8807  31.208181    33.3930    26.5198 0.0000e+00
    817.413    247.000     3.8816  31.213012    33.3973    26.5231 0.0000e+00
    819.264    248.000     3.8826  31.219049    33.4029    26.5275 0.0000e+00
    820.999    249.000     3.8831  31.222171    33.4056    26.5296 0.0000e+00
    822.679    250.000     3.8835  31.225116    33.4082    26.5316 0.0000e+00
    824.480    251.000     3.8842  31.229440    33.4120    26.5346 0.0000e+00
    826.251    252.000     3.8850  31.233614    33.4157    26.5374 0.0000e+00
    827.887    253.000     3.8866  31.238857    33.4197    26.5405 0.0000e+00
    829.604    254.000     3.8890  31.244119    33.4230    26.5428 0.0000e+00
    831.548    255.000     3.8911  31.247999    33.4249    26.5442 0.0000e+00
    833.327    256.000     3.8933  31.252450    33.4274    26.5459 0.0000e+00
    835.026    257.000     3.8964  31.260902    33.4337    26.5507 0.0000e+00
    836.694    258.000     3.8988  31.268425    33.4397    26.5551 0.0000e+00
    838.401    259.000     3.9001  31.272440    33.4426    26.5573 0.0000e+00
    840.206    260.000     3.9010  31.275896    33.4452    26.5594 0.0000e+00
    841.987    261.000     3.9028  31.281957    33.4501    26.5630 0.0000e+00
    843.739    262.000     3.9046  31.288042    33.4549    26.5667 0.0000e+00
    845.595    263.000     3.9054  31.291540    33.4577    26.5688 0.0000e+00
    847.414    264.000     3.9063  31.294202    33.4594    26.5701 0.0000e+00
    849.256    265.000     3.9073  31.296805    33.4610    26.5712 0.0000e+00
    851.029    266.000     3.9079  31.299455    33.4630    26.5728 0.0000e+00
    852.766    267.000     3.9083  31.301918    33.4650    26.5743 0.0000e+00
    854.524    268.000     3.9083  31.303815    33.4667    26.5757 0.0000e+00
    856.327    269.000     3.9084  31.305424    33.4680    26.5767 0.0000e+00
    858.284    270.000     3.9089  31.307939    33.4699    26.5782 0.0000e+00
    860.174    271.000     3.9096  31.311031    33.4723    26.5801 0.0000e+00
    861.823    272.000     3.9113  31.317019    33.4772    26.5837 0.0000e+00
    863.435    273.000     3.9129  31.322267    33.4812    26.5868 0.0000e+00
    865.159    274.000     3.9136  31.324886    33.4831    26.5882 0.0000e+00
    867.105    275.000     3.9141  31.327054    33.4846    26.5894 0.0000e+00
    868.895    276.000     3.9144  31.328292    33.4853    26.5899 0.0000e+00
    870.525    277.000     3.9151  31.331292    33.4876    26.5916 0.0000e+00
    872.229    278.000     3.9159  31.335609    33.4914    26.5946 0.0000e+00
    873.938    279.000     3.9168  31.340820    33.4961    26.5982 0.0000e+00
    875.696    280.000     3.9185  31.349544    33.5042    26.6045 0.0000e+00
    877.451    281.000     3.9194  31.353921    33.5079    26.6074 0.0000e+00
    879.193    282.000     3.9197  31.356513    33.5101    26.6091 0.0000e+00
    881.013    283.000     3.9203  31.361306    33.5147    26.6127 0.0000e+00
    882.807    284.000     3.9213  31.367510    33.5205    26.6172 0.0000e+00
    884.491    285.000     3.9219  31.371698    33.5243    26.6202 0.0000e+00
    886.312    286.000     3.9223  31.374562    33.5268    26.6221 0.0000e+00
    888.260    287.000     3.9225  31.377016    33.5289    26.6238 0.0000e+00
    890.005    288.000     3.9227  31.381197    33.5332    26.6271 0.0000e+00
    891.617    289.000     3.9228  31.389162    33.5420    26.6341 0.0000e+00
    893.292    290.000     3.9229  31.394102    33.5472    26.6383 0.0000e+00
    895.115    291.000     3.9230  31.395553    33.5483    26.6391 0.0000e+00
    897.032    292.000     3.9232  31.397433    33.5498    26.6403 0.0000e+00
    898.838    293.000     3.9235  31.399682    33.5516    26.6417 0.0000e+00
    900.696    294.000     3.9235  31.400352    33.5519    26.6420 0.0000e+00
    902.639    295.000     3.9237  31.402805    33.5541    26.6437 0.0000e+00
    904.505    296.000     3.9244  31.410237    33.5616    26.6496 0.0000e+00
    906.310    297.000     3.9246  31.413485    33.5648    26.6521 0.0000e+00
    908.214    298.000     3.9250  31.416842    33.5678    26.6544 0.0000e+00
    910.136    299.000     3.9251  31.420482    33.5715    26.6574 0.0000e+00
    912.038    300.000     3.9254  31.424828    33.5758    26.6608 0.0000e+00
    913.828    301.000     3.9247  31.427698    33.5794    26.6637 0.0000e+00
    915.540    302.000     3.9230  31.429765    33.5831    26.6668 0.0000e+00
    917.334    303.000     3.9224  31.431521    33.5852    26.6686 0.0000e+00
    924.316    304.000     3.9222  31.433422    33.5872    26.6701 0.0000e+00
    931.005    303.000     3.9223  31.431830    33.5857    26.6690 0.0000e+00
    933.393    302.000     3.9226  31.430329    33.5841    26.6677 0.0000e+00
    935.820    301.000     3.9238  31.428204    33.5809    26.6650 0.0000e+00
    938.218    300.000     3.9251  31.425872    33.5773    26.6620 0.0000e+00
    940.693    299.000     3.9251  31.421870    33.5731    26.6587 0.0000e+00
    943.032    298.000     3.9250  31.418168    33.5694    26.6557 0.0000e+00
    945.353    297.000     3.9248  31.414546    33.5658    26.6529 0.0000e+00
    947.969    296.000     3.9247  31.411882    33.5633    26.6509 0.0000e+00
    950.759    295.000     3.9240  31.404893    33.5562    26.6454 0.0000e+00
    953.360    294.000     3.9233  31.399665    33.5513    26.6415 0.0000e+00
    956.018    293.000     3.9232  31.398176    33.5502    26.6406 0.0000e+00
    958.851    292.000     3.9232  31.397017    33.5493    26.6399 0.0000e+00
    961.577    291.000     3.9231  31.395393    33.5480    26.6389 0.0000e+00
    964.235    290.000     3.9230  31.394282    33.5473    26.6384 0.0000e+00
    967.012    289.000     3.9228  31.389436    33.5423    26.6344 0.0000e+00
    969.605    288.000     3.9229  31.381528    33.5334    26.6273 0.0000e+00
    972.444    287.000     3.9229  31.377872    33.5296    26.6242 0.0000e+00
    974.821    286.000     3.9228  31.375831    33.5278    26.6228 0.0000e+00
    977.445    285.000     3.9225  31.373851    33.5262    26.6216 0.0000e+00
    980.251    284.000     3.9218  31.369482    33.5223    26.6186 0.0000e+00
    982.545    283.000     3.9207  31.362170    33.5153    26.6131 0.0000e+00
    985.031    282.000     3.9198  31.355829    33.5092    26.6084 0.0000e+00
    987.940    281.000     3.9195  31.353955    33.5078    26.6073 0.0000e+00
    990.299    280.000     3.9194  31.352912    33.5072    26.6068 0.0000e+00
    992.675    279.000     3.9186  31.348667    33.5035    26.6040 0.0000e+00
    995.817    278.000     3.9166  31.338779    33.4944    26.5969 0.0000e+00
    998.521    277.000     3.9156  31.333731    33.4900    26.5935 0.0000e+00
   1001.255    276.000     3.9146  31.330126    33.4872    26.5914 0.0000e+00
   1004.239    275.000     3.9141  31.327235    33.4848    26.5896 0.0000e+00
   1007.030    274.000     3.9139  31.325162    33.4831    26.5882 0.0000e+00
   1009.509    273.000     3.9136  31.323829    33.4824    26.5876 0.0000e+00
   1012.088    272.000     3.9127  31.320386    33.4797    26.5856 0.0000e+00
   1015.037    271.000     3.9122  31.318304    33.4783    26.5845 0.0000e+00
   1017.443    270.000     3.9113  31.315261    33.4761    26.5829 0.0000e+00
   1019.880    269.000     3.9099  31.310285    33.4722    26.5799 0.0000e+00
   1022.776    268.000     3.9093  31.307643    33.4702    26.5784 0.0000e+00
   1025.276    267.000     3.9093  31.306323    33.4692    26.5775 0.0000e+00
   1027.893    266.000     3.9094  31.304935    33.4679    26.5766 0.0000e+00
   1030.870    265.000     3.9088  31.301916    33.4655    26.5747 0.0000e+00
   1033.583    264.000     3.9079  31.298697    33.4631    26.5729 0.0000e+00
   1036.304    263.000     3.9072  31.296256    33.4615    26.5716 0.0000e+00
   1039.104    262.000     3.9059  31.292119    33.4584    26.5693 0.0000e+00
   1041.974    261.000     3.9049  31.288155    33.4553    26.5669 0.0000e+00
   1044.715    260.000     3.9046  31.285635    33.4531    26.5652 0.0000e+00
   1047.555    259.000     3.9034  31.282173    33.4508    26.5635 0.0000e+00
   1050.317    258.000     3.9018  31.276804    33.4466    26.5603 0.0000e+00
   1053.052    257.000     3.8995  31.269416    33.4407    26.5559 0.0000e+00
   1056.028    256.000     3.8961  31.258489    33.4317    26.5491 0.0000e+00
   1059.068    255.000     3.8925  31.248346    33.4239    26.5432 0.0000e+00
   1061.479    254.000     3.8902  31.243571    33.4211    26.5412 0.0000e+00
   1064.173    253.000     3.8878  31.237860    33.4173    26.5384 0.0000e+00
   1066.997    252.000     3.8873  31.235894    33.4160    26.5375 0.0000e+00
   1069.539    251.000     3.8869  31.233560    33.4142    26.5360 0.0000e+00
   1072.096    250.000     3.8845  31.224286    33.4062    26.5299 0.0000e+00
   1074.833    249.000     3.8824  31.214654    33.3974    26.5231 0.0000e+00
   1077.516    248.000     3.8818  31.211679    33.3950    26.5213 0.0000e+00
   1080.177    247.000     3.8814  31.209903    33.3938    26.5204 0.0000e+00
   1082.834    246.000     3.8801  31.206459    33.3916    26.5187 0.0000e+00
   1085.658    245.000     3.8778  31.201066    33.3881    26.5162 0.0000e+00
   1088.288    244.000     3.8768  31.198352    33.3864    26.5149 0.0000e+00
   1091.084    243.000     3.8758  31.195923    33.3851    26.5140 0.0000e+00
   1093.896    242.000     3.8734  31.191475    33.3828    26.5124 0.0000e+00
   1096.658    241.000     3.8713  31.188332    33.3817    26.5117 0.0000e+00
   1099.319    240.000     3.8699  31.185868    33.3807    26.5111 0.0000e+00
   1102.097    239.000     3.8665  31.178874    33.3764    26.5080 0.0000e+00
   1104.762    238.000     3.8661  31.176573    33.3746    26.5066 0.0000e+00
   1107.466    237.000     3.8673  31.175855    33.3731    26.5053 0.0000e+00
   1110.169    236.000     3.8681  31.174270    33.3709    26.5035 0.0000e+00
   1112.863    235.000     3.8684  31.173053    33.3697    26.5025 0.0000e+00
   1115.589    234.000     3.8697  31.172547    33.3683    26.5012 0.0000e+00
   1118.396    233.000     3.8700  31.170989    33.3666    26.4999 0.0000e+00
   1121.160    232.000     3.8674  31.163289    33.3607    26.4954 0.0000e+00
   1123.972    231.000     3.8640  31.155483    33.3554    26.4916 0.0000e+00
   1126.561    230.000     3.8633  31.153953    33.3548    26.4912 0.0000e+00
   1129.337    229.000     3.8630  31.153061    33.3546    26.4910 0.0000e+00
   1132.109    228.000     3.8625  31.151802    33.3542    26.4907 0.0000e+00
   1134.716    227.000     3.8621  31.150739    33.3538    26.4905 0.0000e+00
   1137.285    226.000     3.8612  31.148928    33.3531    26.4900 0.0000e+00
   1140.337    225.000     3.8607  31.147935    33.3530    26.4899 0.0000e+00
   1143.571    224.000     3.8591  31.145442    33.3522    26.4894 0.0000e+00
   1146.906    223.000     3.8518  31.135232    33.3480    26.4869 0.0000e+00
   1150.001    222.000     3.8386  31.115738    33.3389    26.4809 0.0000e+00
   1153.021    221.000     3.8323  31.105914    33.3341    26.4778 0.0000e+00
   1156.016    220.000     3.8242  31.093463    33.3281    26.4738 0.0000e+00
   1159.271    219.000     3.8171  31.084515    33.3253    26.4722 0.0000e+00
   1162.016    218.000     3.8171  31.081977    33.3228    26.4702 0.0000e+00
   1164.931    217.000     3.8193  31.080744    33.3196    26.4675 0.0000e+00
   1168.028    216.000     3.8222  31.077674    33.3135    26.4623 0.0000e+00
   1171.170    215.000     3.8128  31.063416    33.3067    26.4578 0.0000e+00
   1174.119    214.000     3.8017  31.049671    33.3022    26.4553 0.0000e+00
   1177.323    213.000     3.7978  31.044696    33.3008    26.4546 0.0000e+00
   1180.569    212.000     3.7938  31.039339    33.2990    26.4536 0.0000e+00
   1184.109    211.000     3.7887  31.032768    33.2969    26.4524 0.0000e+00
   1187.628    210.000     3.7838  31.026662    33.2952    26.4515 0.0000e+00
   1191.350    209.000     3.7768  31.017907    33.2924    26.4500 0.0000e+00
   1195.091    208.000     3.7644  31.000606    33.2850    26.4453 0.0000e+00
   1198.566    207.000     3.7508  30.980560    33.2756    26.4391 0.0000e+00
   1201.893    206.000     3.7437  30.969480    33.2702    26.4355 0.0000e+00
   1206.035    205.000     3.7367  30.959072    33.2654    26.4324 0.0000e+00
   1209.342    204.000     3.7329  30.953976    33.2638    26.4314 0.0000e+00
   1213.637    203.000     3.7272  30.945432    33.2599    26.4289 0.0000e+00
   1217.310    202.000     3.7128  30.924978    33.2508    26.4231 0.0000e+00
   1222.426    201.000     3.7027  30.911148    33.2451    26.4195 0.0000e+00
   1227.501    200.000     3.6988  30.904695    33.2419    26.4174 0.0000e+00
   1232.255    199.000     3.6917  30.894435    33.2375    26.4145 0.0000e+00
   1235.873    198.000     3.6854  30.886148    33.2345    26.4128 0.0000e+00
