data/seacat/current/bon015.cnv
* Sea-Bird SBE 19plus Data File:
* FileName = C:\Sea-Bird Data\2014\DY1405\Casts\BON015.hex
* Software Version Seasave V 7.22.3
* Temperature SN = 4530
* Conductivity SN = 4530
* System UpLoad Time = May 09 2014 13:10:01
* Real-Time Sample Interval = 0.2500 seconds
* System UTC = May 09 2014 13:10:01
# nquan = 7                                 
# nvalues = 123                         
# units = specified
# name 0 = timeS: Time, Elapsed [seconds]
# name 1 = prdM: Pressure, Strain Gauge [db]
# name 2 = tv290C: Temperature [ITS-90, deg C]
# name 3 = c0mS/cm: Conductivity [mS/cm]
# name 4 = sal00: Salinity, Practical [PSU]
# name 5 = sigma-t00: Density [sigma-t, Kg/m^3 ]
# name 6 = flag: flag
# span 0 =    180.438,    597.037       
# span 1 =      1.000,     62.000       
# span 2 =     2.6447,     3.6042       
# span 3 =  27.869122,  29.973718       
# span 4 =    29.8907,    32.3710       
# span 5 =    23.7642,    25.7385       
# span 6 = 0.0000e+00, 0.0000e+00       
# interval = decibars: 1                
# start_time = May 09 2014 13:10:01 [System UTC, header]
# bad_flag = -9.990e-29
*END*
    180.438      1.000     3.5452  27.869122    29.8907    23.7642 0.0000e+00
    182.981      2.000     3.4971  29.750039    32.1711    25.5837 0.0000e+00
    188.968      3.000     3.4992  29.829868    32.2639    25.6574 0.0000e+00
    192.713      4.000     3.5516  29.849067    32.2342    25.6290 0.0000e+00
    194.821      5.000     3.5100  29.882467    32.3149    25.6970 0.0000e+00
    196.436      6.000     3.5303  29.909903    32.3270    25.7048 0.0000e+00
    198.293      7.000     3.6042  29.907309    32.2499    25.6366 0.0000e+00
    200.366      8.000     3.5606  29.914573    32.3014    25.6816 0.0000e+00
    202.361      9.000     3.5372  29.932813    32.3459    25.7192 0.0000e+00
    204.238     10.000     3.5564  29.943132    32.3386    25.7116 0.0000e+00
    206.721     11.000     3.5466  29.940092    32.3442    25.7170 0.0000e+00
    209.041     12.000     3.5444  29.961127    32.3710    25.7385 0.0000e+00
    211.170     13.000     3.5637  29.969060    32.3607    25.7285 0.0000e+00
    213.701     14.000     3.5747  29.973718    32.3548    25.7228 0.0000e+00
    215.992     15.000     3.5740  29.972545    32.3535    25.7219 0.0000e+00
    218.407     16.000     3.3378  29.716753    32.2823    25.6866 0.0000e+00
    220.858     17.000     2.8630  29.176594    32.1036    25.5850 0.0000e+00
    223.156     18.000     2.8564  29.172816    32.1051    25.5867 0.0000e+00
    225.510     19.000     2.8557  29.170291    32.1022    25.5844 0.0000e+00
    227.452     20.000     2.8539  29.169118    32.1020    25.5845 0.0000e+00
    229.677     21.000     2.8517  29.168328    32.1027    25.5852 0.0000e+00
    232.034     22.000     2.8510  29.167516    32.1019    25.5846 0.0000e+00
    233.923     23.000     2.8491  29.166412    32.1019    25.5848 0.0000e+00
    235.975     24.000     2.8476  29.165463    32.1017    25.5848 0.0000e+00
    238.542     25.000     2.8467  29.164881    32.1014    25.5846 0.0000e+00
    240.405     26.000     2.8454  29.164111    32.1012    25.5846 0.0000e+00
    242.526     27.000     2.8442  29.163367    32.1010    25.5845 0.0000e+00
    245.048     28.000     2.8397  29.160206    32.1011    25.5849 0.0000e+00
    247.321     29.000     2.8365  29.158262    32.1014    25.5854 0.0000e+00
    249.881     30.000     2.8345  29.157658    32.1022    25.5862 0.0000e+00
    252.927     31.000     2.8326  29.157525    32.1034    25.5873 0.0000e+00
    255.212     32.000     2.8296  29.157379    32.1057    25.5894 0.0000e+00
    257.667     33.000     2.8265  29.156595    32.1073    25.5909 0.0000e+00
    260.456     34.000     2.8265  29.156820    32.1070    25.5907 0.0000e+00
    262.178     35.000     2.8258  29.156654    32.1070    25.5908 0.0000e+00
    264.646     36.000     2.8257  29.157323    32.1074    25.5911 0.0000e+00
    267.036     37.000     2.8255  29.157536    32.1073    25.5910 0.0000e+00
    268.934     38.000     2.8253  29.157993    32.1075    25.5912 0.0000e+00
    271.278     39.000     2.8226  29.156610    32.1080    25.5919 0.0000e+00
    273.265     40.000     2.8175  29.152509    32.1076    25.5919 0.0000e+00
    275.372     41.000     2.8195  29.154708    32.1078    25.5919 0.0000e+00
    277.590     42.000     2.8195  29.155191    32.1078    25.5919 0.0000e+00
    279.719     43.000     2.8191  29.155473    32.1080    25.5921 0.0000e+00
    281.660     44.000     2.8148  29.152168    32.1078    25.5923 0.0000e+00
    283.782     45.000     2.8102  29.148478    32.1074    25.5923 0.0000e+00
    286.205     46.000     2.8077  29.146851    32.1074    25.5925 0.0000e+00
    288.141     47.000     2.8064  29.146316    32.1075    25.5927 0.0000e+00
    290.080     48.000     2.7994  29.140727    32.1072    25.5931 0.0000e+00
    292.692     49.000     2.7961  29.138398    32.1071    25.5933 0.0000e+00
    294.705     50.000     2.7935  29.137242    32.1078    25.5940 0.0000e+00
    296.587     51.000     2.7852  29.132159    32.1094    25.5960 0.0000e+00
    299.172     52.000     2.7677  29.120304    32.1119    25.5995 0.0000e+00
    301.180     53.000     2.7489  29.107297    32.1144    25.6029 0.0000e+00
    302.980     54.000     2.7316  29.095659    32.1170    25.6064 0.0000e+00
    305.398     55.000     2.7105  29.081673    32.1205    25.6110 0.0000e+00
    307.714     56.000     2.6954  29.071322    32.1225    25.6138 0.0000e+00
    309.446     57.000     2.6851  29.064695    32.1242    25.6160 0.0000e+00
    311.360     58.000     2.6739  29.057665    32.1264    25.6186 0.0000e+00
    313.765     59.000     2.6603  29.049001    32.1289    25.6217 0.0000e+00
    315.672     60.000     2.6538  29.045195    32.1302    25.6233 0.0000e+00
    318.704     61.000     2.6447  29.039583    32.1320    25.6254 0.0000e+00
    329.258     62.000     2.6497  29.042408    32.1299    25.6234 0.0000e+00
    327.735     61.000     2.6472  29.040661    32.1308    25.6243 0.0000e+00
    331.423     60.000     2.6545  29.044793    32.1290    25.6223 0.0000e+00
    333.912     59.000     2.6677  29.052661    32.1259    25.6188 0.0000e+00
    336.771     58.000     2.6815  29.061514    32.1234    25.6156 0.0000e+00
    339.890     57.000     2.6936  29.069177    32.1212    25.6129 0.0000e+00
    343.308     56.000     2.7112  29.080967    32.1184    25.6093 0.0000e+00
    346.544     55.000     2.7245  29.090297    32.1170    25.6071 0.0000e+00
    349.715     54.000     2.7405  29.101496    32.1152    25.6043 0.0000e+00
    352.592     53.000     2.7653  29.119061    32.1123    25.5999 0.0000e+00
    356.578     52.000     2.7876  29.134431    32.1092    25.5957 0.0000e+00
    358.617     51.000     2.7940  29.138221    32.1079    25.5941 0.0000e+00
    362.831     50.000     2.7974  29.140323    32.1076    25.5936 0.0000e+00
    365.428     49.000     2.7972  29.139957    32.1079    25.5938 0.0000e+00
    368.605     48.000     2.7982  29.140299    32.1078    25.5937 0.0000e+00
    372.166     47.000     2.8015  29.142352    32.1076    25.5932 0.0000e+00
    375.018     46.000     2.8042  29.143968    32.1074    25.5928 0.0000e+00
    378.588     45.000     2.8055  29.144465    32.1072    25.5926 0.0000e+00
    382.217     44.000     2.8063  29.144767    32.1073    25.5926 0.0000e+00
    385.973     43.000     2.8060  29.144085    32.1073    25.5926 0.0000e+00
    390.464     42.000     2.8114  29.148547    32.1078    25.5926 0.0000e+00
    393.640     41.000     2.8182  29.154229    32.1085    25.5926 0.0000e+00
    397.364     40.000     2.8207  29.156133    32.1088    25.5926 0.0000e+00
    400.815     39.000     2.8260  29.160577    32.1095    25.5927 0.0000e+00
    405.654     38.000     2.8275  29.161615    32.1097    25.5928 0.0000e+00
    410.194     37.000     2.8270  29.160579    32.1095    25.5927 0.0000e+00
    414.996     36.000     2.8291  29.160852    32.1083    25.5915 0.0000e+00
    419.351     35.000     2.8283  29.160176    32.1088    25.5920 0.0000e+00
    423.573     34.000     2.8292  29.159295    32.1073    25.5908 0.0000e+00
    427.725     33.000     2.8313  29.158698    32.1051    25.5888 0.0000e+00
    431.276     32.000     2.8318  29.157961    32.1042    25.5880 0.0000e+00
    434.793     31.000     2.8331  29.157357    32.1027    25.5867 0.0000e+00
    439.384     30.000     2.8335  29.155917    32.1011    25.5854 0.0000e+00
    444.332     29.000     2.8377  29.158108    32.1001    25.5842 0.0000e+00
    449.185     28.000     2.8413  29.160184    32.0995    25.5835 0.0000e+00
    453.549     27.000     2.8424  29.160505    32.0993    25.5833 0.0000e+00
    457.938     26.000     2.8417  29.159365    32.0992    25.5832 0.0000e+00
    462.573     25.000     2.8416  29.158961    32.0993    25.5833 0.0000e+00
    466.734     24.000     2.8401  29.156990    32.0989    25.5832 0.0000e+00
    472.426     23.000     2.8385  29.155097    32.0988    25.5832 0.0000e+00
    477.556     22.000     2.8377  29.153931    32.0987    25.5832 0.0000e+00
    482.180     21.000     2.8372  29.153094    32.0987    25.5832 0.0000e+00
    486.978     20.000     2.8369  29.152262    32.0985    25.5831 0.0000e+00
    491.700     19.000     2.8364  29.151282    32.0984    25.5830 0.0000e+00
    495.892     18.000     2.8371  29.151188    32.0981    25.5827 0.0000e+00
    501.844     17.000     2.8385  29.151443    32.0975    25.5822 0.0000e+00
    508.046     16.000     2.8411  29.152719    32.0970    25.5815 0.0000e+00
    514.488     15.000     2.8452  29.155024    32.0962    25.5806 0.0000e+00
    520.069     14.000     2.8507  29.158289    32.0952    25.5793 0.0000e+00
    525.380     13.000     2.8542  29.159903    32.0942    25.5782 0.0000e+00
    530.683     12.000     2.8594  29.163510    32.0939    25.5776 0.0000e+00
    536.577     11.000     2.8640  29.166066    32.0930    25.5764 0.0000e+00
    542.164     10.000     2.8635  29.164705    32.0924    25.5760 0.0000e+00
    547.737      9.000     2.8661  29.165781    32.0916    25.5751 0.0000e+00
    553.260      8.000     2.9565  29.237200    32.0885    25.5651 0.0000e+00
    558.320      7.000     3.0927  29.346709    32.0858    25.5514 0.0000e+00
    562.902      6.000     3.3057  29.521402    32.0850    25.5322 0.0000e+00
    568.749      5.000     3.3897  29.590510    32.0851    25.5249 0.0000e+00
    573.408      4.000     3.4100  29.607594    32.0860    25.5238 0.0000e+00
    576.767      3.000     3.4240  29.618987    32.0863    25.5227 0.0000e+00
    593.675      2.000     3.4548  29.644567    32.0869    25.5205 0.0000e+00
    597.037      1.000     3.4482  29.306521    31.6900    25.2050 0.0000e+00
