data/seacat/current/bon044.cnv
* Sea-Bird SBE 19plus Data File:
* FileName = C:\Sea-Bird Data\2014\DY1405\Casts\BON044.hex
* Software Version Seasave V 7.22.3
* Temperature SN = 4530
* Conductivity SN = 4530
* System UpLoad Time = May 16 2014 00:03:17
* Real-Time Sample Interval = 0.2500 seconds
* System UTC = May 16 2014 00:03:17
# nquan = 7                                 
# nvalues = 609                         
# units = specified
# name 0 = timeS: Time, Elapsed [seconds]
# name 1 = prdM: Pressure, Strain Gauge [db]
# name 2 = tv290C: Temperature [ITS-90, deg C]
# name 3 = c0mS/cm: Conductivity [mS/cm]
# name 4 = sal00: Salinity, Practical [PSU]
# name 5 = sigma-t00: Density [sigma-t, Kg/m^3 ]
# name 6 = flag: flag
# span 0 =    401.017,   2083.272       
# span 1 =      1.000,    305.000       
# span 2 =     3.6493,     6.8228       
# span 3 =  26.094615,  32.847252       
# span 4 =    25.2081,    33.2997       
# span 5 =    19.7373,    26.4418       
# span 6 = 0.0000e+00, 0.0000e+00       
# interval = decibars: 1                
# start_time = May 16 2014 00:03:17 [System UTC, header]
# bad_flag = -9.990e-29
*END*
[from data line 411]
   1308.671    198.000     3.8881  30.904725    33.0511    26.2471 0.0000e+00
   1312.296    197.000     3.8900  30.904548    33.0495    26.2456 0.0000e+00
   1315.846    196.000     3.8951  30.906787    33.0475    26.2435 0.0000e+00
   1319.006    195.000     3.9052  30.911811    33.0438    26.2396 0.0000e+00
   1322.668    194.000     3.9131  30.915641    33.0409    26.2365 0.0000e+00
   1326.008    193.000     3.9200  30.918670    33.0380    26.2335 0.0000e+00
   1329.187    192.000     3.9231  30.919755    33.0367    26.2322 0.0000e+00
   1332.807    191.000     3.9340  30.925238    33.0327    26.2279 0.0000e+00
   1336.145    190.000     3.9468  30.931054    33.0272    26.2223 0.0000e+00
   1339.710    189.000     3.9486  30.930416    33.0251    26.2205 0.0000e+00
   1343.382    188.000     3.9577  30.935002    33.0219    26.2170 0.0000e+00
   1347.255    187.000     3.9672  30.940455    33.0193    26.2140 0.0000e+00
   1350.700    186.000     3.9690  30.941084    33.0188    26.2134 0.0000e+00
   1354.506    185.000     3.9752  30.943022    33.0153    26.2100 0.0000e+00
   1358.219    184.000     3.9857  30.945228    33.0079    26.2031 0.0000e+00
   1361.992    183.000     3.9958  30.949006    33.0027    26.1979 0.0000e+00
   1365.988    182.000     4.0207  30.968046    33.0006    26.1938 0.0000e+00
   1370.164    181.000     4.0567  30.999364    33.0019    26.1912 0.0000e+00
   1373.815    180.000     4.0406  30.977522    32.9928    26.1856 0.0000e+00
   1378.011    179.000     4.0335  30.967170    32.9883    26.1827 0.0000e+00
   1381.701    178.000     4.0378  30.969016    32.9867    26.1810 0.0000e+00
   1385.344    177.000     4.0630  30.989332    32.9858    26.1778 0.0000e+00
   1388.853    176.000     4.1094  31.030597    32.9883    26.1751 0.0000e+00
   1392.408    175.000     4.1411  31.058897    32.9903    26.1735 0.0000e+00
   1395.783    174.000     4.1598  31.074113    32.9899    26.1713 0.0000e+00
   1399.268    173.000     4.1623  31.069460    32.9825    26.1651 0.0000e+00
   1402.882    172.000     4.1662  31.067952    32.9773    26.1606 0.0000e+00
   1406.136    171.000     4.1646  31.061127    32.9714    26.1561 0.0000e+00
   1409.340    170.000     4.1539  31.047801    32.9670    26.1537 0.0000e+00
   1412.707    169.000     4.1402  31.029414    32.9596    26.1492 0.0000e+00
   1415.977    168.000     4.1392  31.022643    32.9532    26.1442 0.0000e+00
   1419.290    167.000     4.1468  31.028675    32.9532    26.1434 0.0000e+00
   1422.490    166.000     4.1494  31.030335    32.9530    26.1430 0.0000e+00
   1426.010    165.000     4.1492  31.028889    32.9521    26.1423 0.0000e+00
   1429.089    164.000     4.1480  31.026659    32.9512    26.1417 0.0000e+00
   1432.529    163.000     4.1396  31.015338    32.9468    26.1391 0.0000e+00
   1435.778    162.000     4.1012  30.967905    32.9300    26.1296 0.0000e+00
   1439.072    161.000     4.0847  30.945386    32.9205    26.1237 0.0000e+00
   1442.359    160.000     4.0857  30.944343    32.9188    26.1223 0.0000e+00
   1445.700    159.000     4.0875  30.944345    32.9175    26.1211 0.0000e+00
   1448.925    158.000     4.0890  30.944480    32.9167    26.1202 0.0000e+00
   1452.298    157.000     4.0915  30.944524    32.9148    26.1185 0.0000e+00
   1455.684    156.000     4.0936  30.943724    32.9122    26.1162 0.0000e+00
   1458.745    155.000     4.0988  30.943222    32.9069    26.1115 0.0000e+00
   1462.096    154.000     4.1051  30.944841    32.9031    26.1078 0.0000e+00
   1465.270    153.000     4.1081  30.945381    32.9012    26.1060 0.0000e+00
   1468.448    152.000     4.1153  30.948081    32.8977    26.1025 0.0000e+00
   1471.704    151.000     4.1188  30.948802    32.8955    26.1004 0.0000e+00
   1474.742    150.000     4.1204  30.947793    32.8933    26.0985 0.0000e+00
   1478.076    149.000     4.1222  30.944272    32.8878    26.0940 0.0000e+00
   1481.216    148.000     4.1220  30.941400    32.8852    26.0919 0.0000e+00
   1484.631    147.000     4.1246  30.940687    32.8823    26.0893 0.0000e+00
   1487.701    146.000     4.1294  30.941808    32.8793    26.0865 0.0000e+00
   1491.113    145.000     4.1269  30.936173    32.8757    26.0838 0.0000e+00
   1494.016    144.000     4.1216  30.928033    32.8719    26.0814 0.0000e+00
   1497.228    143.000     4.1211  30.924333    32.8686    26.0788 0.0000e+00
   1500.345    142.000     4.1224  30.921838    32.8649    26.0757 0.0000e+00
   1503.593    141.000     4.1234  30.920741    32.8631    26.0742 0.0000e+00
   1506.992    140.000     4.1258  30.919410    32.8596    26.0712 0.0000e+00
   1510.742    139.000     4.1304  30.919210    32.8553    26.0673 0.0000e+00
   1514.841    138.000     4.1341  30.919029    32.8519    26.0642 0.0000e+00
   1519.193    137.000     4.1385  30.919920    32.8491    26.0615 0.0000e+00
   1523.135    136.000     4.1395  30.919640    32.8483    26.0608 0.0000e+00
   1526.294    135.000     4.1397  30.918788    32.8476    26.0602 0.0000e+00
   1529.638    134.000     4.1435  30.919163    32.8447    26.0576 0.0000e+00
   1533.199    133.000     4.1523  30.923549    32.8416    26.0542 0.0000e+00
   1537.079    132.000     4.1811  30.946774    32.8407    26.0505 0.0000e+00
   1542.481    131.000     4.2586  31.017722    32.8471    26.0477 0.0000e+00
   1547.097    130.000     4.2971  31.053066    32.8506    26.0466 0.0000e+00
   1551.854    129.000     4.3385  31.090764    32.8540    26.0450 0.0000e+00
   1555.858    128.000     4.3506  31.098875    32.8519    26.0421 0.0000e+00
   1560.348    127.000     4.3497  31.094074    32.8477    26.0389 0.0000e+00
   1564.697    126.000     4.3514  31.093701    32.8461    26.0374 0.0000e+00
   1569.204    125.000     4.3534  31.093718    32.8446    26.0360 0.0000e+00
   1573.740    124.000     4.3535  31.090473    32.8412    26.0334 0.0000e+00
   1578.176    123.000     4.3534  31.088751    32.8398    26.0322 0.0000e+00
   1582.821    122.000     4.3458  31.078423    32.8358    26.0299 0.0000e+00
   1587.603    121.000     4.3541  31.082341    32.8327    26.0265 0.0000e+00
   1592.129    120.000     4.3499  31.074770    32.8285    26.0236 0.0000e+00
   1597.175    119.000     4.3476  31.070433    32.8262    26.0221 0.0000e+00
   1602.054    118.000     4.3472  31.067705    32.8240    26.0203 0.0000e+00
   1606.998    117.000     4.3490  31.068031    32.8231    26.0194 0.0000e+00
   1611.941    116.000     4.3492  31.066780    32.8219    26.0185 0.0000e+00
   1617.022    115.000     4.3512  31.066912    32.8206    26.0172 0.0000e+00
   1622.332    114.000     4.3514  31.064692    32.8183    26.0154 0.0000e+00
   1627.820    113.000     4.3534  31.065202    32.8174    26.0145 0.0000e+00
   1633.243    112.000     4.3520  31.060971    32.8144    26.0122 0.0000e+00
   1638.959    111.000     4.3476  31.053777    32.8109    26.0098 0.0000e+00
   1644.381    110.000     4.3415  31.042228    32.8039    26.0050 0.0000e+00
   1649.997    109.000     4.3391  31.036522    32.8002    26.0022 0.0000e+00
   1655.493    108.000     4.3385  31.034731    32.7992    26.0015 0.0000e+00
   1660.932    107.000     4.3366  31.031522    32.7978    26.0006 0.0000e+00
   1666.883    106.000     4.3346  31.027951    32.7962    25.9995 0.0000e+00
   1672.140    105.000     4.3363  31.026122    32.7928    25.9967 0.0000e+00
   1677.528    104.000     4.3393  31.025676    32.7898    25.9940 0.0000e+00
   1682.565    103.000     4.3370  31.018622    32.7844    25.9899 0.0000e+00
   1687.585    102.000     4.3183  30.993664    32.7743    25.9838 0.0000e+00
   1692.296    101.000     4.3100  30.982219    32.7697    25.9810 0.0000e+00
   1696.716    100.000     4.3066  30.976796    32.7672    25.9794 0.0000e+00
   1701.255     99.000     4.3049  30.973251    32.7653    25.9780 0.0000e+00
   1705.176     98.000     4.2848  30.949847    32.7584    25.9746 0.0000e+00
   1709.717     97.000     4.2648  30.928940    32.7543    25.9734 0.0000e+00
   1713.679     96.000     4.2478  30.909699    32.7492    25.9711 0.0000e+00
   1717.810     95.000     4.2413  30.901202    32.7462    25.9694 0.0000e+00
   1721.936     94.000     4.2397  30.896857    32.7432    25.9672 0.0000e+00
   1725.919     93.000     4.2405  30.892466    32.7378    25.9628 0.0000e+00
   1729.624     92.000     4.2483  30.897140    32.7360    25.9606 0.0000e+00
   1733.411     91.000     4.2810  30.920950    32.7319    25.9540 0.0000e+00
   1736.958     90.000     4.2862  30.923174    32.7299    25.9518 0.0000e+00
   1740.210     89.000     4.2958  30.929533    32.7283    25.9496 0.0000e+00
   1743.166     88.000     4.3120  30.943124    32.7286    25.9482 0.0000e+00
   1746.408     87.000     4.3394  30.967479    32.7304    25.9468 0.0000e+00
   1749.996     86.000     4.4105  31.032263    32.7360    25.9439 0.0000e+00
   1753.194     85.000     4.4922  31.108129    32.7440    25.9417 0.0000e+00
   1757.678     84.000     4.5151  31.129307    32.7465    25.9413 0.0000e+00
   1761.449     83.000     4.5166  31.129609    32.7459    25.9406 0.0000e+00
   1764.785     82.000     4.5039  31.115345    32.7423    25.9392 0.0000e+00
   1767.778     81.000     4.4874  31.097196    32.7381    25.9375 0.0000e+00
   1770.863     80.000     4.4785  31.087333    32.7359    25.9367 0.0000e+00
   1774.104     79.000     4.4676  31.075221    32.7331    25.9356 0.0000e+00
   1777.193     78.000     4.4569  31.063063    32.7300    25.9343 0.0000e+00
   1781.126     77.000     4.4443  31.049389    32.7271    25.9333 0.0000e+00
   1784.839     76.000     4.4253  31.029004    32.7227    25.9318 0.0000e+00
   1788.220     75.000     4.3921  30.993510    32.7147    25.9289 0.0000e+00
   1791.330     74.000     4.3750  30.975035    32.7106    25.9274 0.0000e+00
   1794.599     73.000     4.3672  30.966056    32.7083    25.9264 0.0000e+00
   1797.726     72.000     4.3577  30.955294    32.7057    25.9253 0.0000e+00
   1800.792     71.000     4.3599  30.954819    32.7034    25.9233 0.0000e+00
   1804.175     70.000     4.3755  30.967017    32.7027    25.9211 0.0000e+00
   1807.082     69.000     4.3828  30.971786    32.7016    25.9194 0.0000e+00
   1810.487     68.000     4.4091  30.994888    32.7030    25.9178 0.0000e+00
   1813.475     67.000     4.3692  30.954418    32.6958    25.9162 0.0000e+00
   1817.215     66.000     4.3252  30.910714    32.6889    25.9153 0.0000e+00
   1820.686     65.000     4.3244  30.908066    32.6871    25.9139 0.0000e+00
   1824.866     64.000     4.3271  30.906208    32.6827    25.9102 0.0000e+00
   1828.952     63.000     4.3517  30.925966    32.6820    25.9070 0.0000e+00
   1832.862     62.000     4.3457  30.917953    32.6790    25.9054 0.0000e+00
   1836.471     61.000     4.3389  30.909274    32.6762    25.9038 0.0000e+00
   1840.273     60.000     4.3247  30.892580    32.6712    25.9013 0.0000e+00
   1844.122     59.000     4.3148  30.879135    32.6658    25.8980 0.0000e+00
   1847.642     58.000     4.3337  30.892880    32.6637    25.8944 0.0000e+00
   1851.910     57.000     4.3441  30.898667    32.6606    25.8909 0.0000e+00
   1855.652     56.000     4.3596  30.910137    32.6592    25.8882 0.0000e+00
   1859.782     55.000     4.3962  30.939876    32.6582    25.8836 0.0000e+00
   1863.545     54.000     4.4391  30.976874    32.6594    25.8801 0.0000e+00
   1868.006     53.000     4.4721  31.005966    32.6612    25.8781 0.0000e+00
   1871.626     52.000     4.4898  31.020057    32.6606    25.8758 0.0000e+00
   1876.059     51.000     4.4775  31.006192    32.6572    25.8743 0.0000e+00
   1880.309     50.000     4.4680  30.996304    32.6555    25.8740 0.0000e+00
   1884.231     49.000     4.4557  30.983458    32.6532    25.8735 0.0000e+00
   1888.187     48.000     4.4392  30.966197    32.6499    25.8726 0.0000e+00
   1892.257     47.000     4.4190  30.945108    32.6458    25.8714 0.0000e+00
   1895.876     46.000     4.3886  30.911949    32.6377    25.8681 0.0000e+00
   1900.326     45.000     4.3615  30.881375    32.6293    25.8643 0.0000e+00
   1904.225     44.000     4.3637  30.879673    32.6257    25.8611 0.0000e+00
   1908.652     43.000     4.4185  30.927757    32.6281    25.8574 0.0000e+00
   1913.681     42.000     4.4742  30.977984    32.6321    25.8548 0.0000e+00
   1917.931     41.000     4.5408  31.039830    32.6389    25.8532 0.0000e+00
   1922.865     40.000     4.6060  31.099143    32.6440    25.8504 0.0000e+00
   1927.431     39.000     4.6111  31.100312    32.6408    25.8473 0.0000e+00
   1932.079     38.000     4.5783  31.062053    32.6292    25.8416 0.0000e+00
   1936.816     37.000     4.5651  31.041351    32.6187    25.8346 0.0000e+00
   1941.278     36.000     4.6172  31.081111    32.6140    25.8254 0.0000e+00
   1945.509     35.000     4.6258  31.086879    32.6128    25.8235 0.0000e+00
   1949.749     34.000     4.6258  31.085257    32.6114    25.8224 0.0000e+00
   1953.838     33.000     4.6218  31.080213    32.6100    25.8217 0.0000e+00
   1958.096     32.000     4.6184  31.075837    32.6088    25.8211 0.0000e+00
   1962.356     31.000     4.6151  31.071166    32.6071    25.8201 0.0000e+00
   1966.798     30.000     4.6147  31.068952    32.6054    25.8188 0.0000e+00
   1971.304     29.000     4.6163  31.069163    32.6046    25.8180 0.0000e+00
   1975.524     28.000     4.6246  31.073478    32.6019    25.8150 0.0000e+00
   1980.057     27.000     4.6791  31.117032    32.5993    25.8072 0.0000e+00
   1983.983     26.000     4.7261  31.153009    32.5953    25.7989 0.0000e+00
   1988.105     25.000     4.7513  31.170560    32.5913    25.7931 0.0000e+00
   1992.189     24.000     4.7174  31.121205    32.5680    25.7782 0.0000e+00
   1996.257     23.000     4.6476  31.041780    32.5451    25.7675 0.0000e+00
   2000.083     22.000     4.7128  31.098289    32.5470    25.7621 0.0000e+00
   2003.966     21.000     4.8229  31.195609    32.5520    25.7542 0.0000e+00
   2007.514     20.000     4.8121  31.179961    32.5450    25.7498 0.0000e+00
   2011.131     19.000     4.8023  31.168802    32.5422    25.7487 0.0000e+00
   2014.486     18.000     4.8140  31.173926    32.5372    25.7434 0.0000e+00
   2018.223     17.000     4.9651  31.298542    32.5334    25.7240 0.0000e+00
   2021.539     16.000     5.1928  31.463848    32.5014    25.6733 0.0000e+00
   2025.246     15.000     5.2407  31.494783    32.4907    25.6594 0.0000e+00
   2028.563     14.000     5.2631  31.511899    32.4890    25.6555 0.0000e+00
   2032.015     13.000     5.3344  31.569948    32.4864    25.6454 0.0000e+00
   2035.614     12.000     5.4425  31.660168    32.4848    25.6316 0.0000e+00
   2039.118     11.000     5.5420  31.741560    32.4813    25.6174 0.0000e+00
   2042.828     10.000     5.6372  31.821018    32.4797    25.6050 0.0000e+00
   2046.693      9.000     5.6566  31.837693    32.4804    25.6032 0.0000e+00
   2050.620      8.000     5.6869  31.863690    32.4810    25.6001 0.0000e+00
   2054.699      7.000     5.7242  31.894912    32.4807    25.5955 0.0000e+00
   2058.966      6.000     5.8359  31.984439    32.4745    25.5772 0.0000e+00
   2063.205      5.000     5.9395  32.052211    32.4515    25.5466 0.0000e+00
   2067.797      4.000     6.1803  32.250356    32.4429    25.5103 0.0000e+00
   2072.585      3.000     6.6544  32.659527    32.4453    25.4522 0.0000e+00
   2077.986      2.000     6.7931  32.779491    32.4463    25.4349 0.0000e+00
   2083.272      1.000     6.7968  32.589410    32.2348    25.2678 0.0000e+00
