data/seacat/current/bon020.cnv
* Sea-Bird SBE 19plus Data File:
* FileName = C:\Sea-Bird Data\2014\DY1405\Casts\BON020.hex
* Software Version Seasave V 7.22.3
* Temperature SN = 4530
* Conductivity SN = 4530
* System UpLoad Time = May 10 2014 01:12:52
* Real-Time Sample Interval = 0.2500 seconds
* System UTC = May 10 2014 01:12:52
# nquan = 7                                 
# nvalues = 133                         
# units = specified
# name 0 = timeS: Time, Elapsed [seconds]
# name 1 = prdM: Pressure, Strain Gauge [db]
# name 2 = tv290C: Temperature [ITS-90, deg C]
# name 3 = c0mS/cm: Conductivity [mS/cm]
# name 4 = sal00: Salinity, Practical [PSU]
# name 5 = sigma-t00: Density [sigma-t, Kg/m^3 ]
# name 6 = flag: flag
# span 0 =     59.475,    476.175       
# span 1 =      1.000,     67.000       
# span 2 =     2.4455,     4.1633       
# span 3 =  27.290994,  30.812774       
# span 4 =    28.6611,    32.9520       
# span 5 =    22.7332,    26.1797       
# span 6 = 0.0000e+00, 0.0000e+00       
# interval = decibars: 1                
# start_time = May 10 2014 01:12:52 [System UTC, header]
# bad_flag = -9.990e-29
*END*
     59.475      1.000     4.1633  27.290994    28.6611    22.7332 0.0000e+00
     61.580      2.000     3.7983  30.101547    32.2911    25.6512 0.0000e+00
     63.318      3.000     3.8690  30.309799    32.4672    25.7845 0.0000e+00
     71.174      4.000     3.6296  30.402218    32.8163    26.0851 0.0000e+00
     73.386      5.000     3.8406  30.566353    32.7987    26.0509 0.0000e+00
     75.341      6.000     3.9898  30.620039    32.7122    25.9675 0.0000e+00
     77.346      7.000     3.7705  30.636804    32.9520    26.1797 0.0000e+00
     79.107      8.000     3.8755  30.708157    32.9302    26.1521 0.0000e+00
     81.012      9.000     4.0058  30.730650    32.8253    26.0559 0.0000e+00
     83.011     10.000     3.9833  30.768177    32.8917    26.1109 0.0000e+00
     85.127     11.000     3.9851  30.785398    32.9098    26.1251 0.0000e+00
     87.275     12.000     4.0391  30.812774    32.8873    26.1019 0.0000e+00
     89.770     13.000     4.0409  30.811254    32.8832    26.0984 0.0000e+00
     91.985     14.000     4.0256  30.810868    32.8976    26.1114 0.0000e+00
     94.162     15.000     4.0118  30.806033    32.9052    26.1188 0.0000e+00
     96.391     16.000     3.5769  30.206576    32.6294    25.9413 0.0000e+00
     98.512     17.000     2.8620  29.252730    32.1971    25.6597 0.0000e+00
    100.749     18.000     2.6801  29.088092    32.1786    25.6598 0.0000e+00
    103.019     19.000     2.5960  29.015863    32.1743    25.6632 0.0000e+00
    105.096     20.000     2.5476  28.973521    32.1707    25.6641 0.0000e+00
    107.210     21.000     2.5358  28.962125    32.1681    25.6629 0.0000e+00
    109.652     22.000     2.5276  28.954080    32.1659    25.6618 0.0000e+00
    111.656     23.000     2.5185  28.945922    32.1645    25.6615 0.0000e+00
    113.813     24.000     2.5151  28.942746    32.1635    25.6609 0.0000e+00
    116.263     25.000     2.5173  28.944142    32.1625    25.6599 0.0000e+00
    118.242     26.000     2.5167  28.943561    32.1618    25.6594 0.0000e+00
    120.271     27.000     2.5143  28.941662    32.1614    25.6593 0.0000e+00
    122.567     28.000     2.5125  28.940283    32.1610    25.6591 0.0000e+00
    124.642     29.000     2.5115  28.939582    32.1606    25.6589 0.0000e+00
    126.678     30.000     2.5102  28.938751    32.1604    25.6588 0.0000e+00
    128.811     31.000     2.5028  28.933050    32.1603    25.6593 0.0000e+00
    131.091     32.000     2.4957  28.927375    32.1599    25.6596 0.0000e+00
    133.035     33.000     2.4941  28.926425    32.1598    25.6596 0.0000e+00
    135.067     34.000     2.4930  28.925814    32.1597    25.6596 0.0000e+00
    137.338     35.000     2.4925  28.925613    32.1594    25.6594 0.0000e+00
    139.412     36.000     2.4914  28.925035    32.1592    25.6594 0.0000e+00
    141.266     37.000     2.4897  28.924095    32.1593    25.6595 0.0000e+00
    143.438     38.000     2.4839  28.919841    32.1594    25.6600 0.0000e+00
    145.663     39.000     2.4838  28.919901    32.1590    25.6597 0.0000e+00
    147.329     40.000     2.4865  28.922545    32.1590    25.6595 0.0000e+00
    148.988     41.000     2.4842  28.921200    32.1591    25.6598 0.0000e+00
    151.168     42.000     2.4781  28.916417    32.1589    25.6601 0.0000e+00
    153.344     43.000     2.4770  28.915977    32.1589    25.6602 0.0000e+00
    154.969     44.000     2.4736  28.913544    32.1588    25.6604 0.0000e+00
    156.570     45.000     2.4734  28.913733    32.1587    25.6603 0.0000e+00
    158.983     46.000     2.4734  28.914271    32.1588    25.6604 0.0000e+00
    161.436     47.000     2.4715  28.913059    32.1587    25.6605 0.0000e+00
    162.922     48.000     2.4702  28.912380    32.1586    25.6605 0.0000e+00
    164.670     49.000     2.4704  28.913085    32.1588    25.6606 0.0000e+00
    167.240     50.000     2.4675  28.910998    32.1586    25.6607 0.0000e+00
    169.394     51.000     2.4676  28.911566    32.1587    25.6607 0.0000e+00
    170.890     52.000     2.4668  28.911135    32.1584    25.6606 0.0000e+00
    172.741     53.000     2.4665  28.911469    32.1586    25.6608 0.0000e+00
    175.484     54.000     2.4662  28.911687    32.1586    25.6608 0.0000e+00
    177.274     55.000     2.4645  28.910615    32.1585    25.6608 0.0000e+00
    178.824     56.000     2.4633  28.910018    32.1584    25.6609 0.0000e+00
    181.072     57.000     2.4630  28.910281    32.1585    25.6610 0.0000e+00
    183.294     58.000     2.4622  28.910014    32.1584    25.6610 0.0000e+00
    185.076     59.000     2.4617  28.910000    32.1584    25.6610 0.0000e+00
    186.889     60.000     2.4598  28.908851    32.1584    25.6611 0.0000e+00
    188.979     61.000     2.4583  28.908099    32.1584    25.6613 0.0000e+00
    190.947     62.000     2.4562  28.906683    32.1583    25.6613 0.0000e+00
    192.796     63.000     2.4571  28.907948    32.1584    25.6613 0.0000e+00
    194.664     64.000     2.4519  28.904029    32.1583    25.6616 0.0000e+00
    196.475     65.000     2.4469  28.900235    32.1581    25.6619 0.0000e+00
    198.212     66.000     2.4455  28.899424    32.1580    25.6619 0.0000e+00
    205.491     67.000     2.4477  28.901622    32.1579    25.6617 0.0000e+00
    214.212     66.000     2.4521  28.904834    32.1580    25.6614 0.0000e+00
    216.274     65.000     2.4529  28.905100    32.1580    25.6614 0.0000e+00
    220.554     64.000     2.4515  28.903603    32.1581    25.6616 0.0000e+00
    222.929     63.000     2.4499  28.901687    32.1579    25.6615 0.0000e+00
    226.212     62.000     2.4582  28.908266    32.1582    25.6611 0.0000e+00
    229.505     61.000     2.4637  28.912350    32.1582    25.6607 0.0000e+00
    232.138     60.000     2.4631  28.911541    32.1583    25.6608 0.0000e+00
    235.734     59.000     2.4618  28.910039    32.1583    25.6609 0.0000e+00
    238.103     58.000     2.4616  28.909352    32.1582    25.6609 0.0000e+00
    241.785     57.000     2.4649  28.911760    32.1584    25.6607 0.0000e+00
    244.751     56.000     2.4687  28.914515    32.1585    25.6605 0.0000e+00
    248.048     55.000     2.4691  28.914381    32.1585    25.6605 0.0000e+00
    251.786     54.000     2.4700  28.914747    32.1585    25.6605 0.0000e+00
    255.588     53.000     2.4686  28.913274    32.1587    25.6607 0.0000e+00
    259.021     52.000     2.4698  28.913736    32.1586    25.6605 0.0000e+00
    262.591     51.000     2.4786  28.920602    32.1587    25.6599 0.0000e+00
    265.798     50.000     2.4727  28.915261    32.1586    25.6603 0.0000e+00
    268.639     49.000     2.4748  28.916549    32.1586    25.6601 0.0000e+00
    272.078     48.000     2.4820  28.922193    32.1588    25.6597 0.0000e+00
    274.993     47.000     2.4787  28.918977    32.1587    25.6599 0.0000e+00
    278.666     46.000     2.4816  28.921033    32.1589    25.6598 0.0000e+00
    282.296     45.000     2.4847  28.923209    32.1589    25.6596 0.0000e+00
    286.322     44.000     2.4869  28.924539    32.1589    25.6594 0.0000e+00
    289.557     43.000     2.4863  28.923651    32.1589    25.6595 0.0000e+00
    293.010     42.000     2.4847  28.921981    32.1590    25.6597 0.0000e+00
    296.001     41.000     2.4848  28.921512    32.1589    25.6596 0.0000e+00
    299.928     40.000     2.4927  28.927659    32.1590    25.6591 0.0000e+00
    303.852     39.000     2.4943  28.928560    32.1590    25.6590 0.0000e+00
    309.110     38.000     2.4935  28.927464    32.1590    25.6590 0.0000e+00
    312.204     37.000     2.4963  28.929297    32.1590    25.6588 0.0000e+00
    315.981     36.000     2.4971  28.929543    32.1590    25.6587 0.0000e+00
    319.963     35.000     2.4960  28.928196    32.1590    25.6588 0.0000e+00
    324.781     34.000     2.4983  28.929668    32.1591    25.6587 0.0000e+00
    330.098     33.000     2.5004  28.931010    32.1591    25.6585 0.0000e+00
    334.139     32.000     2.5005  28.930627    32.1591    25.6585 0.0000e+00
    338.555     31.000     2.5010  28.930553    32.1590    25.6584 0.0000e+00
    343.894     30.000     2.5036  28.932320    32.1591    25.6583 0.0000e+00
    349.428     29.000     2.5070  28.934625    32.1590    25.6580 0.0000e+00
    354.963     28.000     2.5074  28.934548    32.1591    25.6580 0.0000e+00
    360.641     27.000     2.5074  28.934201    32.1592    25.6581 0.0000e+00
    365.356     26.000     2.5095  28.935411    32.1591    25.6578 0.0000e+00
    370.511     25.000     2.5130  28.937899    32.1592    25.6576 0.0000e+00
    375.599     24.000     2.5171  28.940828    32.1592    25.6573 0.0000e+00
    380.328     23.000     2.5205  28.943233    32.1592    25.6571 0.0000e+00
    385.547     22.000     2.5226  28.944382    32.1591    25.6568 0.0000e+00
    390.187     21.000     2.5347  28.953809    32.1590    25.6557 0.0000e+00
    394.646     20.000     2.5414  28.958858    32.1589    25.6552 0.0000e+00
    399.728     19.000     2.5494  28.964873    32.1588    25.6544 0.0000e+00
    403.600     18.000     2.6090  29.012026    32.1571    25.6483 0.0000e+00
    407.987     17.000     2.8576  29.214873    32.1555    25.6269 0.0000e+00
    411.909     16.000     2.9273  29.272500    32.1562    25.6216 0.0000e+00
    416.662     15.000     2.9606  29.300443    32.1573    25.6197 0.0000e+00
    420.741     14.000     2.9911  29.325473    32.1577    25.6174 0.0000e+00
    425.445     13.000     3.0225  29.351256    32.1581    25.6151 0.0000e+00
    429.111     12.000     3.0393  29.364836    32.1583    25.6138 0.0000e+00
    432.686     11.000     3.0460  29.370080    32.1584    25.6134 0.0000e+00
    436.689     10.000     3.0523  29.374936    32.1585    25.6129 0.0000e+00
    441.150      9.000     3.0731  29.391526    32.1584    25.6110 0.0000e+00
    445.802      8.000     3.0965  29.410081    32.1580    25.6086 0.0000e+00
    450.041      7.000     3.1267  29.434388    32.1577    25.6058 0.0000e+00
    453.717      6.000     3.1601  29.461301    32.1574    25.6027 0.0000e+00
    457.717      5.000     3.2010  29.494202    32.1568    25.5987 0.0000e+00
    461.492      4.000     3.2478  29.532009    32.1563    25.5942 0.0000e+00
    465.818      3.000     3.3191  29.588980    32.1543    25.5863 0.0000e+00
    470.560      2.000     3.6285  29.842395    32.1512    25.5557 0.0000e+00
    476.175      1.000     3.8189  29.996220    32.1464    25.5341 0.0000e+00
