data/seacat/current/bon050.cnv
* Sea-Bird SBE 19plus Data File:
* FileName = C:\Sea-Bird Data\2014\DY1405\Casts\BON050.hex
* Software Version Seasave V 7.22.3
* Temperature SN = 4530
* Conductivity SN = 4530
* System UpLoad Time = May 16 2014 17:56:45
* Real-Time Sample Interval = 0.2500 seconds
* System UTC = May 16 2014 17:56:45
# nquan = 7                                 
# nvalues = 607                         
# units = specified
# name 0 = timeS: Time, Elapsed [seconds]
# name 1 = prdM: Pressure, Strain Gauge [db]
# name 2 = tv290C: Temperature [ITS-90, deg C]
# name 3 = c0mS/cm: Conductivity [mS/cm]
# name 4 = sal00: Salinity, Practical [PSU]
# name 5 = sigma-t00: Density [sigma-t, Kg/m^3 ]
# name 6 = flag: flag
# span 0 =    285.528,   2077.074       
# span 1 =      1.000,    304.000       
# span 2 =     3.5896,     6.1499       
# span 3 =  28.142869,  32.052722       
# span 4 =    28.1173,    33.1792       
# span 5 =    22.1267,    26.3773       
# span 6 = 0.0000e+00, 0.0000e+00       
# interval = decibars: 1                
# start_time = May 16 2014 17:56:45 [System UTC, header]
# bad_flag = -9.990e-29
*END*
    285.528      1.000     5.9307  28.142869    28.1173    22.1267 0.0000e+00
    288.485      2.000     6.0531  31.732687    31.9874    25.1663 0.0000e+00
    295.272      3.000     5.9487  31.796239    32.1569    25.3128 0.0000e+00
    298.059      4.000     5.8960  31.756164    32.1616    25.3228 0.0000e+00
    300.007      5.000     5.9198  31.729965    32.1091    25.2785 0.0000e+00
    302.240      6.000     5.9481  31.737111    32.0898    25.2599 0.0000e+00
    304.150      7.000     5.8936  31.720145    32.1220    25.2919 0.0000e+00
    306.192      8.000     5.8788  31.723370    32.1393    25.3072 0.0000e+00
    308.292      9.000     5.9012  31.700799    32.0922    25.2674 0.0000e+00
    310.544     10.000     5.8761  31.692264    32.1060    25.2813 0.0000e+00
    312.671     11.000     5.8659  31.671714    32.0921    25.2716 0.0000e+00
    315.176     12.000     5.8140  31.684682    32.1556    25.3279 0.0000e+00
    317.334     13.000     5.7546  31.670893    32.1962    25.3670 0.0000e+00
    319.692     14.000     5.7574  31.673194    32.1957    25.3663 0.0000e+00
    321.992     15.000     5.6843  31.668454    32.2597    25.4255 0.0000e+00
    323.895     16.000     5.3003  31.464056    32.3973    25.5787 0.0000e+00
    326.040     17.000     4.7253  31.003502    32.4275    25.6660 0.0000e+00
    328.273     18.000     4.6925  30.995996    32.4505    25.6877 0.0000e+00
    330.156     19.000     4.6892  30.994958    32.4520    25.6892 0.0000e+00
    331.973     20.000     4.6838  30.995534    32.4574    25.6941 0.0000e+00
    334.037     21.000     4.6708  30.993264    32.4670    25.7031 0.0000e+00
    336.082     22.000     4.6461  30.990248    32.4873    25.7218 0.0000e+00
    337.943     23.000     4.6355  30.990510    32.4975    25.7310 0.0000e+00
    339.768     24.000     4.6307  30.995085    32.5070    25.7391 0.0000e+00
    341.827     25.000     4.6300  30.997185    32.5096    25.7412 0.0000e+00
    343.922     26.000     4.6305  30.997742    32.5092    25.7409 0.0000e+00
    345.861     27.000     4.6306  30.998203    32.5092    25.7408 0.0000e+00
    347.891     28.000     4.6300  30.998417    32.5095    25.7411 0.0000e+00
    350.142     29.000     4.6277  30.999437    32.5124    25.7437 0.0000e+00
    352.500     30.000     4.6248  31.000105    32.5156    25.7465 0.0000e+00
    354.602     31.000     4.6230  31.001574    32.5185    25.7490 0.0000e+00
    356.548     32.000     4.6216  31.004167    32.5224    25.7523 0.0000e+00
    358.858     33.000     4.6193  31.008538    32.5292    25.7579 0.0000e+00
    360.796     34.000     4.6180  31.016881    32.5397    25.7663 0.0000e+00
    362.780     35.000     4.6188  31.022022    32.5444    25.7700 0.0000e+00
    365.102     36.000     4.6167  31.026510    32.5511    25.7756 0.0000e+00
    367.073     37.000     4.6164  31.036284    32.5623    25.7844 0.0000e+00
    369.056     38.000     4.6326  31.078501    32.5948    25.8085 0.0000e+00
    371.107     39.000     4.6405  31.110059    32.6231    25.8302 0.0000e+00
    373.111     40.000     4.6439  31.120414    32.6313    25.8363 0.0000e+00
    375.079     41.000     4.6443  31.123903    32.6344    25.8387 0.0000e+00
    377.161     42.000     4.6405  31.124921    32.6389    25.8426 0.0000e+00
    379.261     43.000     4.6326  31.124544    32.6457    25.8489 0.0000e+00
    381.086     44.000     4.6231  31.124613    32.6546    25.8570 0.0000e+00
    382.935     45.000     4.6199  31.124603    32.6573    25.8594 0.0000e+00
    385.054     46.000     4.6191  31.124870    32.6579    25.8600 0.0000e+00
    387.173     47.000     4.6166  31.124948    32.6599    25.8619 0.0000e+00
    389.119     48.000     4.6114  31.127553    32.6676    25.8685 0.0000e+00
    391.171     49.000     4.6137  31.133515    32.6717    25.8715 0.0000e+00
    393.483     50.000     4.6151  31.137516    32.6745    25.8736 0.0000e+00
    395.571     51.000     4.6163  31.146750    32.6835    25.8806 0.0000e+00
    397.485     52.000     4.6085  31.150640    32.6952    25.8907 0.0000e+00
    399.815     53.000     4.5970  31.148196    32.7032    25.8983 0.0000e+00
    402.184     54.000     4.5928  31.146507    32.7049    25.9001 0.0000e+00
    404.105     55.000     4.5829  31.139851    32.7064    25.9024 0.0000e+00
    406.153     56.000     4.5767  31.136087    32.7077    25.9040 0.0000e+00
    408.411     57.000     4.5754  31.136921    32.7094    25.9055 0.0000e+00
    410.346     58.000     4.5581  31.126147    32.7135    25.9106 0.0000e+00
    412.046     59.000     4.5267  31.104121    32.7184    25.9178 0.0000e+00
    413.958     60.000     4.4750  31.065414    32.7241    25.9277 0.0000e+00
    415.983     61.000     4.4444  31.043534    32.7284    25.9343 0.0000e+00
    417.883     62.000     4.4131  31.022690    32.7346    25.9425 0.0000e+00
    419.829     63.000     4.3670  30.994164    32.7465    25.9567 0.0000e+00
    422.040     64.000     4.3583  30.995630    32.7564    25.9654 0.0000e+00
    424.290     65.000     4.3528  30.998966    32.7652    25.9730 0.0000e+00
    426.338     66.000     4.3398  30.995388    32.7734    25.9809 0.0000e+00
    428.694     67.000     4.3239  30.986476    32.7783    25.9864 0.0000e+00
    430.935     68.000     4.3207  30.985046    32.7793    25.9876 0.0000e+00
    433.143     69.000     4.3156  30.983215    32.7817    25.9900 0.0000e+00
    435.094     70.000     4.3039  30.977744    32.7865    25.9950 0.0000e+00
    436.871     71.000     4.3014  30.986775    32.7990    26.0052 0.0000e+00
    438.801     72.000     4.3025  30.998254    32.8108    26.0145 0.0000e+00
    440.678     73.000     4.2695  30.973781    32.8145    26.0208 0.0000e+00
    442.498     74.000     4.2082  30.922089    32.8145    26.0270 0.0000e+00
    444.282     75.000     4.1717  30.890470    32.8133    26.0298 0.0000e+00
    446.281     76.000     4.1643  30.884858    32.8136    26.0307 0.0000e+00
    448.415     77.000     4.1611  30.882627    32.8136    26.0311 0.0000e+00
    450.511     78.000     4.1605  30.882435    32.8135    26.0310 0.0000e+00
    452.732     79.000     4.1595  30.882634    32.8142    26.0317 0.0000e+00
    454.913     80.000     4.1568  30.882950    32.8168    26.0340 0.0000e+00
    457.132     81.000     4.1541  30.882799    32.8188    26.0359 0.0000e+00
    459.221     82.000     4.1527  30.882895    32.8198    26.0368 0.0000e+00
    461.200     83.000     4.1513  30.883246    32.8211    26.0380 0.0000e+00
    463.300     84.000     4.1500  30.883872    32.8226    26.0393 0.0000e+00
    465.274     85.000     4.1498  30.885490    32.8242    26.0406 0.0000e+00
    467.142     86.000     4.1503  30.887487    32.8255    26.0416 0.0000e+00
    469.153     87.000     4.1523  30.891426    32.8276    26.0431 0.0000e+00
    471.047     88.000     4.1555  30.897776    32.8314    26.0457 0.0000e+00
    473.012     89.000     4.1614  30.906151    32.8348    26.0479 0.0000e+00
    475.045     90.000     4.1673  30.913155    32.8366    26.0487 0.0000e+00
    477.032     91.000     4.1724  30.919481    32.8384    26.0496 0.0000e+00
    478.965     92.000     4.1767  30.924821    32.8399    26.0504 0.0000e+00
    480.868     93.000     4.1819  30.930792    32.8412    26.0509 0.0000e+00
    482.844     94.000     4.1884  30.938222    32.8429    26.0516 0.0000e+00
    484.819     95.000     4.1914  30.941939    32.8438    26.0520 0.0000e+00
    486.713     96.000     4.2122  30.964320    32.8488    26.0538 0.0000e+00
    488.611     97.000     4.2712  31.028982    32.8652    26.0608 0.0000e+00
    490.690     98.000     4.2953  31.060021    32.8770    26.0677 0.0000e+00
    492.645     99.000     4.2758  31.047265    32.8810    26.0729 0.0000e+00
    494.433    100.000     4.2484  31.027116    32.8842    26.0783 0.0000e+00
    496.396    101.000     4.2212  31.009634    32.8904    26.0860 0.0000e+00
    498.474    102.000     4.2051  31.001017    32.8959    26.0920 0.0000e+00
    500.262    103.000     4.2031  31.003124    32.8998    26.0953 0.0000e+00
    502.136    104.000     4.2032  31.006557    32.9032    26.0980 0.0000e+00
    504.090    105.000     4.2023  31.012598    32.9107    26.1040 0.0000e+00
    505.941    106.000     4.2016  31.016758    32.9158    26.1081 0.0000e+00
    507.717    107.000     4.2016  31.018080    32.9168    26.1090 0.0000e+00
    509.664    108.000     4.2016  31.018699    32.9170    26.1091 0.0000e+00
    511.594    109.000     4.2018  31.019722    32.9175    26.1095 0.0000e+00
    513.502    110.000     4.2019  31.020362    32.9176    26.1096 0.0000e+00
    515.523    111.000     4.2014  31.020742    32.9181    26.1100 0.0000e+00
    517.454    112.000     4.2001  31.020912    32.9191    26.1109 0.0000e+00
    519.156    113.000     4.1992  31.021265    32.9199    26.1116 0.0000e+00
    521.101    114.000     4.1983  31.022219    32.9214    26.1129 0.0000e+00
    523.256    115.000     4.1907  31.018979    32.9246    26.1163 0.0000e+00
    525.200    116.000     4.1725  31.006877    32.9281    26.1209 0.0000e+00
    527.163    117.000     4.1512  30.995451    32.9355    26.1289 0.0000e+00
    529.040    118.000     4.1464  30.995691    32.9401    26.1331 0.0000e+00
    531.014    119.000     4.1492  31.000918    32.9429    26.1350 0.0000e+00
    532.985    120.000     4.1548  31.009076    32.9464    26.1372 0.0000e+00
    534.767    121.000     4.1554  31.010896    32.9474    26.1380 0.0000e+00
    536.557    122.000     4.1516  31.008179    32.9475    26.1384 0.0000e+00
    538.405    123.000     4.1461  31.003808    32.9474    26.1389 0.0000e+00
    540.453    124.000     4.1436  31.003026    32.9484    26.1400 0.0000e+00
    542.372    125.000     4.1527  31.015005    32.9529    26.1426 0.0000e+00
    544.038    126.000     4.1681  31.032714    32.9577    26.1449 0.0000e+00
    545.873    127.000     4.1727  31.038485    32.9594    26.1457 0.0000e+00
    547.867    128.000     4.1725  31.041710    32.9629    26.1485 0.0000e+00
    549.765    129.000     4.1668  31.041027    32.9673    26.1526 0.0000e+00
    551.654    130.000     4.1585  31.038352    32.9719    26.1571 0.0000e+00
    553.592    131.000     4.1580  31.041268    32.9753    26.1599 0.0000e+00
    555.557    132.000     4.1577  31.042804    32.9769    26.1612 0.0000e+00
    557.650    133.000     4.1535  31.041573    32.9792    26.1634 0.0000e+00
    559.580    134.000     4.1488  31.039266    32.9807    26.1651 0.0000e+00
    561.448    135.000     4.1465  31.038211    32.9812    26.1657 0.0000e+00
    563.436    136.000     4.1463  31.038910    32.9817    26.1662 0.0000e+00
    565.408    137.000     4.1463  31.040134    32.9826    26.1669 0.0000e+00
    567.353    138.000     4.1469  31.042068    32.9838    26.1678 0.0000e+00
    569.264    139.000     4.1474  31.043912    32.9850    26.1686 0.0000e+00
    571.270    140.000     4.1466  31.044642    32.9861    26.1696 0.0000e+00
    573.336    141.000     4.1441  31.044110    32.9875    26.1709 0.0000e+00
    575.122    142.000     4.1426  31.043902    32.9882    26.1717 0.0000e+00
    576.995    143.000     4.1387  31.041771    32.9891    26.1728 0.0000e+00
    578.879    144.000     4.1235  31.030078    32.9901    26.1751 0.0000e+00
    580.587    145.000     4.1173  31.026805    32.9919    26.1772 0.0000e+00
    582.467    146.000     4.1174  31.027946    32.9927    26.1778 0.0000e+00
    584.540    147.000     4.1178  31.029025    32.9930    26.1780 0.0000e+00
    586.297    148.000     4.1179  31.030273    32.9939    26.1787 0.0000e+00
    588.041    149.000     4.1167  31.030002    32.9942    26.1791 0.0000e+00
    589.954    150.000     4.1144  31.028780    32.9946    26.1796 0.0000e+00
    591.872    151.000     4.1111  31.027147    32.9955    26.1806 0.0000e+00
    593.698    152.000     4.1053  31.023910    32.9970    26.1824 0.0000e+00
    595.436    153.000     4.0975  31.018479    32.9979    26.1839 0.0000e+00
    597.371    154.000     4.0853  31.008379    32.9977    26.1850 0.0000e+00
    599.482    155.000     4.0837  31.008093    32.9985    26.1858 0.0000e+00
    601.400    156.000     4.0881  31.012980    32.9993    26.1860 0.0000e+00
    603.173    157.000     4.0899  31.015207    32.9996    26.1861 0.0000e+00
    604.920    158.000     4.0928  31.018844    33.0004    26.1864 0.0000e+00
    606.841    159.000     4.0986  31.025773    33.0023    26.1873 0.0000e+00
    608.805    160.000     4.1058  31.034384    33.0047    26.1885 0.0000e+00
    610.655    161.000     4.1089  31.038079    33.0054    26.1887 0.0000e+00
    612.506    162.000     4.1094  31.039618    33.0062    26.1893 0.0000e+00
    614.355    163.000     4.1084  31.039917    33.0070    26.1901 0.0000e+00
    616.069    164.000     4.1074  31.040005    33.0076    26.1907 0.0000e+00
    617.840    165.000     4.1068  31.040100    33.0078    26.1909 0.0000e+00
    619.535    166.000     4.1057  31.039829    33.0081    26.1912 0.0000e+00
    621.258    167.000     4.1034  31.038780    33.0086    26.1919 0.0000e+00
    623.103    168.000     4.1008  31.037756    33.0095    26.1928 0.0000e+00
    624.833    169.000     4.0978  31.035736    33.0096    26.1932 0.0000e+00
    626.493    170.000     4.0953  31.034255    33.0099    26.1937 0.0000e+00
    628.305    171.000     4.0878  31.029310    33.0111    26.1954 0.0000e+00
    630.234    172.000     4.0771  31.021902    33.0126    26.1977 0.0000e+00
    632.200    173.000     4.0722  31.018891    33.0134    26.1988 0.0000e+00
    634.003    174.000     4.0674  31.015245    33.0135    26.1993 0.0000e+00
    635.821    175.000     4.0640  31.012850    33.0135    26.1997 0.0000e+00
    637.691    176.000     4.0594  31.009545    33.0138    26.2004 0.0000e+00
    639.729    177.000     4.0504  31.002432    33.0139    26.2014 0.0000e+00
    641.641    178.000     4.0401  30.994890    33.0148    26.2032 0.0000e+00
    643.329    179.000     4.0379  30.994850    33.0165    26.2047 0.0000e+00
    645.076    180.000     4.0301  30.989613    33.0176    26.2064 0.0000e+00
    646.914    181.000     4.0160  30.978729    33.0185    26.2085 0.0000e+00
    648.587    182.000     4.0088  30.973474    33.0190    26.2096 0.0000e+00
    650.078    183.000     4.0062  30.972201    33.0196    26.2103 0.0000e+00
    651.689    184.000     4.0056  30.972657    33.0202    26.2109 0.0000e+00
    653.703    185.000     4.0086  30.976474    33.0212    26.2114 0.0000e+00
    655.455    186.000     4.0229  30.993043    33.0258    26.2136 0.0000e+00
    657.120    187.000     4.0130  30.985686    33.0266    26.2152 0.0000e+00
    659.055    188.000     3.9967  30.972131    33.0265    26.2168 0.0000e+00
    661.049    189.000     3.9860  30.964952    33.0283    26.2192 0.0000e+00
    663.071    190.000     3.9784  30.960675    33.0304    26.2217 0.0000e+00
    664.961    191.000     3.9738  30.958134    33.0315    26.2230 0.0000e+00
    666.748    192.000     3.9713  30.957019    33.0322    26.2238 0.0000e+00
    668.689    193.000     3.9699  30.956605    33.0326    26.2243 0.0000e+00
    670.504    194.000     3.9693  30.956617    33.0327    26.2244 0.0000e+00
    672.150    195.000     3.9689  30.956837    33.0328    26.2245 0.0000e+00
    673.894    196.000     3.9679  30.956710    33.0331    26.2249 0.0000e+00
    675.707    197.000     3.9649  30.955636    33.0344    26.2262 0.0000e+00
    677.389    198.000     3.9606  30.953933    33.0362    26.2281 0.0000e+00
    679.036    199.000     3.9592  30.953781    33.0369    26.2288 0.0000e+00
    680.819    200.000     3.9593  30.955046    33.0378    26.2294 0.0000e+00
    682.716    201.000     3.9629  30.960310    33.0398    26.2307 0.0000e+00
    684.341    202.000     3.9687  30.967321    33.0418    26.2317 0.0000e+00
    685.974    203.000     3.9738  30.972566    33.0423    26.2316 0.0000e+00
    687.728    204.000     3.9904  30.989856    33.0455    26.2325 0.0000e+00
    689.554    205.000     4.0081  31.008846    33.0495    26.2340 0.0000e+00
