data/seacat/current/bon041.cnv
* Sea-Bird SBE 19plus Data File:
* FileName = C:\Sea-Bird Data\2014\DY1405\Casts\BON041.hex
* Software Version Seasave V 7.22.3
* Temperature SN = 4530
* Conductivity SN = 4530
* System UpLoad Time = May 12 2014 05:06:44
* Real-Time Sample Interval = 0.2500 seconds
* System UTC = May 12 2014 05:06:44
# nquan = 7                                 
# nvalues = 135                         
# units = specified
# name 0 = timeS: Time, Elapsed [seconds]
# name 1 = prdM: Pressure, Strain Gauge [db]
# name 2 = tv290C: Temperature [ITS-90, deg C]
# name 3 = c0mS/cm: Conductivity [mS/cm]
# name 4 = sal00: Salinity, Practical [PSU]
# name 5 = sigma-t00: Density [sigma-t, Kg/m^3 ]
# name 6 = flag: flag
# span 0 =     57.758,    475.334       
# span 1 =      1.000,     68.000       
# span 2 =    -0.9635,     0.4045       
# span 3 =  19.325449,  26.700816       
# span 4 =    22.1064,    31.7669       
# span 5 =    17.7042,    25.4961       
# span 6 = 0.0000e+00, 0.0000e+00       
# interval = decibars: 1                
# start_time = May 12 2014 05:06:44 [System UTC, header]
# bad_flag = -9.990e-29
*END*
     57.758      1.000     0.4045  19.325449    22.1064    17.7042 0.0000e+00
     58.931      2.000    -0.0147  26.026952    31.0392    24.9103 0.0000e+00
     60.229      3.000     0.0255  26.284665    31.3355    25.1476 0.0000e+00
     64.218      4.000     0.0389  26.450466    31.5386    25.3109 0.0000e+00
     70.163      5.000     0.0408  26.563794    31.6847    25.4287 0.0000e+00
     71.664      6.000     0.0147  26.500312    31.6279    25.3839 0.0000e+00
     73.643      7.000     0.0992  26.588049    31.6549    25.4021 0.0000e+00
     75.751      8.000     0.0173  26.519366    31.6490    25.4009 0.0000e+00
     77.272      9.000     0.0039  26.574994    31.7354    25.4712 0.0000e+00
     79.357     10.000     0.0541  26.611649    31.7309    25.4653 0.0000e+00
     81.190     11.000     0.0152  26.608782    31.7669    25.4961 0.0000e+00
     83.265     12.000     0.1244  26.663760    31.7252    25.4576 0.0000e+00
     85.582     13.000     0.1249  26.652353    31.7091    25.4446 0.0000e+00
     87.487     14.000     0.1275  26.685442    31.7492    25.4768 0.0000e+00
     89.786     15.000     0.1606  26.697356    31.7299    25.4597 0.0000e+00
     92.188     16.000     0.1467  26.700816    31.7483    25.4752 0.0000e+00
     94.651     17.000     0.1119  26.670737    31.7444    25.4736 0.0000e+00
     96.511     18.000     0.0107  26.595945    31.7507    25.4833 0.0000e+00
     98.702     19.000    -0.3452  26.031637    31.3743    25.1939 0.0000e+00
    101.075     20.000    -0.4396  25.899914    31.2965    25.1344 0.0000e+00
    102.852     21.000    -0.4459  25.892118    31.2920    25.1311 0.0000e+00
    104.458     22.000    -0.4494  25.888423    31.2902    25.1297 0.0000e+00
    106.576     23.000    -0.4584  25.881198    31.2893    25.1293 0.0000e+00
    108.765     24.000    -0.4813  25.863929    31.2894    25.1302 0.0000e+00
    110.656     25.000    -0.5303  25.827339    31.2907    25.1330 0.0000e+00
    112.537     26.000    -0.5874  25.783873    31.2913    25.1354 0.0000e+00
    114.824     27.000    -0.6316  25.750986    31.2926    25.1379 0.0000e+00
    117.340     28.000    -0.7041  25.696197    31.2938    25.1413 0.0000e+00
    119.334     29.000    -0.7637  25.651135    31.2947    25.1439 0.0000e+00
    121.450     30.000    -0.7973  25.626156    31.2955    25.1456 0.0000e+00
    123.879     31.000    -0.8496  25.587156    31.2969    25.1483 0.0000e+00
    126.101     32.000    -0.8977  25.552018    31.2991    25.1515 0.0000e+00
    128.242     33.000    -0.9259  25.531489    31.3002    25.1533 0.0000e+00
    130.113     34.000    -0.9405  25.520657    31.3002    25.1537 0.0000e+00
    132.473     35.000    -0.9476  25.515520    31.3001    25.1538 0.0000e+00
    134.747     36.000    -0.9491  25.514380    31.2996    25.1534 0.0000e+00
    136.336     37.000    -0.9488  25.514847    31.2993    25.1532 0.0000e+00
    138.374     38.000    -0.9477  25.515889    31.2990    25.1529 0.0000e+00
    140.991     39.000    -0.9472  25.516385    31.2985    25.1525 0.0000e+00
    142.732     40.000    -0.9470  25.517058    31.2987    25.1526 0.0000e+00
    144.347     41.000    -0.9503  25.514843    31.2985    25.1526 0.0000e+00
    146.374     42.000    -0.9519  25.514003    31.2985    25.1526 0.0000e+00
    148.583     43.000    -0.9528  25.513807    31.2986    25.1527 0.0000e+00
    150.466     44.000    -0.9542  25.512982    31.2983    25.1526 0.0000e+00
    152.399     45.000    -0.9529  25.514526    31.2985    25.1526 0.0000e+00
    154.295     46.000    -0.9528  25.514894    31.2983    25.1525 0.0000e+00
    156.429     47.000    -0.9524  25.515530    31.2982    25.1524 0.0000e+00
    158.500     48.000    -0.9526  25.515741    31.2981    25.1523 0.0000e+00
    160.300     49.000    -0.9534  25.515593    31.2981    25.1524 0.0000e+00
    162.235     50.000    -0.9538  25.515720    31.2981    25.1524 0.0000e+00
    164.505     51.000    -0.9541  25.515810    31.2980    25.1523 0.0000e+00
    166.443     52.000    -0.9539  25.516249    31.2978    25.1521 0.0000e+00
    168.228     53.000    -0.9538  25.516721    31.2977    25.1521 0.0000e+00
    170.309     54.000    -0.9529  25.517601    31.2974    25.1518 0.0000e+00
    172.347     55.000    -0.9518  25.518783    31.2973    25.1516 0.0000e+00
    174.209     56.000    -0.9517  25.519143    31.2971    25.1515 0.0000e+00
    176.159     57.000    -0.9519  25.519456    31.2971    25.1515 0.0000e+00
    178.026     58.000    -0.9526  25.519473    31.2973    25.1517 0.0000e+00
    179.904     59.000    -0.9534  25.519371    31.2974    25.1518 0.0000e+00
    181.888     60.000    -0.9536  25.519643    31.2974    25.1518 0.0000e+00
    183.608     61.000    -0.9541  25.519715    31.2974    25.1518 0.0000e+00
    185.480     62.000    -0.9541  25.520089    31.2974    25.1518 0.0000e+00
    187.639     63.000    -0.9537  25.520824    31.2974    25.1517 0.0000e+00
    189.361     64.000    -0.9535  25.521439    31.2974    25.1518 0.0000e+00
    191.186     65.000    -0.9536  25.521814    31.2974    25.1518 0.0000e+00
    193.408     66.000    -0.9539  25.522039    31.2975    25.1518 0.0000e+00
    195.397     67.000    -0.9539  25.522450    31.2974    25.1518 0.0000e+00
    198.942     68.000    -0.9544  25.522578    31.2975    25.1519 0.0000e+00
    204.920     67.000    -0.9549  25.521881    31.2977    25.1521 0.0000e+00
    208.669     66.000    -0.9552  25.521234    31.2977    25.1521 0.0000e+00
    212.181     65.000    -0.9559  25.520353    31.2979    25.1522 0.0000e+00
    215.116     64.000    -0.9561  25.519695    31.2978    25.1521 0.0000e+00
    218.380     63.000    -0.9566  25.518933    31.2978    25.1522 0.0000e+00
    221.540     62.000    -0.9568  25.518285    31.2977    25.1521 0.0000e+00
    224.712     61.000    -0.9573  25.517507    31.2978    25.1522 0.0000e+00
    228.507     60.000    -0.9578  25.516800    31.2979    25.1523 0.0000e+00
    231.592     59.000    -0.9581  25.516147    31.2980    25.1524 0.0000e+00
    235.860     58.000    -0.9587  25.515352    31.2981    25.1525 0.0000e+00
    239.048     57.000    -0.9588  25.514897    31.2982    25.1525 0.0000e+00
    242.981     56.000    -0.9596  25.513960    31.2983    25.1527 0.0000e+00
    246.533     55.000    -0.9615  25.512274    31.2986    25.1530 0.0000e+00
    250.369     54.000    -0.9606  25.512330    31.2983    25.1527 0.0000e+00
    254.065     53.000    -0.9605  25.511957    31.2983    25.1527 0.0000e+00
    257.874     52.000    -0.9602  25.511736    31.2983    25.1527 0.0000e+00
    262.137     51.000    -0.9618  25.510289    31.2986    25.1530 0.0000e+00
    266.131     50.000    -0.9629  25.509257    31.2989    25.1533 0.0000e+00
    270.509     49.000    -0.9628  25.508811    31.2988    25.1532 0.0000e+00
    275.012     48.000    -0.9635  25.508040    31.2990    25.1534 0.0000e+00
    279.068     47.000    -0.9634  25.507533    31.2988    25.1532 0.0000e+00
    283.368     46.000    -0.9614  25.508561    31.2987    25.1531 0.0000e+00
    287.401     45.000    -0.9582  25.510201    31.2982    25.1525 0.0000e+00
    291.253     44.000    -0.9569  25.510763    31.2982    25.1525 0.0000e+00
    296.146     43.000    -0.9530  25.513443    31.2983    25.1525 0.0000e+00
    299.750     42.000    -0.9592  25.508497    31.2987    25.1530 0.0000e+00
    305.573     41.000    -0.9623  25.505698    31.2987    25.1531 0.0000e+00
    308.711     40.000    -0.9622  25.505441    31.2988    25.1532 0.0000e+00
    313.608     39.000    -0.9622  25.504973    31.2988    25.1531 0.0000e+00
    318.267     38.000    -0.9622  25.504552    31.2988    25.1532 0.0000e+00
    323.588     37.000    -0.9618  25.504434    31.2988    25.1532 0.0000e+00
    327.687     36.000    -0.9403  25.520139    31.2982    25.1520 0.0000e+00
    332.270     35.000    -0.9355  25.523295    31.2980    25.1518 0.0000e+00
    336.733     34.000    -0.9350  25.523288    31.2981    25.1518 0.0000e+00
    340.373     33.000    -0.8966  25.551222    31.2963    25.1492 0.0000e+00
    345.305     32.000    -0.8246  25.603964    31.2929    25.1443 0.0000e+00
    348.817     31.000    -0.7982  25.623522    31.2923    25.1431 0.0000e+00
    353.120     30.000    -0.7657  25.647639    31.2915    25.1414 0.0000e+00
    357.351     29.000    -0.7187  25.682829    31.2905    25.1391 0.0000e+00
    361.316     28.000    -0.6339  25.746243    31.2880    25.1343 0.0000e+00
    366.333     27.000    -0.5291  25.824357    31.2844    25.1278 0.0000e+00
    370.173     26.000    -0.5008  25.845441    31.2838    25.1263 0.0000e+00
    374.796     25.000    -0.4852  25.857214    31.2839    25.1259 0.0000e+00
    379.001     24.000    -0.4726  25.866321    31.2836    25.1252 0.0000e+00
    382.570     23.000    -0.4607  25.874804    31.2832    25.1244 0.0000e+00
    386.644     22.000    -0.4544  25.879449    31.2834    25.1244 0.0000e+00
    390.004     21.000    -0.4517  25.881230    31.2836    25.1244 0.0000e+00
    393.513     20.000    -0.4494  25.882624    31.2836    25.1244 0.0000e+00
    397.559     19.000    -0.4462  25.884833    31.2838    25.1244 0.0000e+00
    400.740     18.000    -0.4402  25.889236    31.2840    25.1244 0.0000e+00
    404.467     17.000    -0.4358  25.892363    31.2842    25.1244 0.0000e+00
    407.951     16.000    -0.4328  25.894274    31.2842    25.1243 0.0000e+00
    411.724     15.000    -0.4321  25.894452    31.2843    25.1243 0.0000e+00
    414.841     14.000    -0.4304  25.895361    31.2844    25.1243 0.0000e+00
    419.020     13.000    -0.4257  25.898592    31.2844    25.1242 0.0000e+00
    421.902     12.000    -0.4188  25.903559    31.2844    25.1239 0.0000e+00
    426.358     11.000    -0.4027  25.915482    31.2842    25.1232 0.0000e+00
    429.701     10.000    -0.3742  25.937228    31.2843    25.1222 0.0000e+00
    433.904      9.000    -0.3381  25.964593    31.2839    25.1205 0.0000e+00
    437.539      8.000    -0.2697  26.016976    31.2834    25.1175 0.0000e+00
    441.554      7.000    -0.1683  26.094751    31.2824    25.1128 0.0000e+00
    445.649      6.000    -0.1487  26.109857    31.2828    25.1123 0.0000e+00
    449.504      5.000    -0.1373  26.118722    31.2833    25.1123 0.0000e+00
    454.169      4.000    -0.1407  26.115781    31.2835    25.1126 0.0000e+00
    458.645      3.000    -0.1447  26.112533    31.2839    25.1130 0.0000e+00
    463.506      2.000    -0.1418  26.114400    31.2839    25.1130 0.0000e+00
    475.334      1.000    -0.1361  26.116805    31.2818    25.1110 0.0000e+00
