data/seacat/current/bon046.cnv
* Sea-Bird SBE 19plus Data File:
* FileName = C:\Sea-Bird Data\2014\DY1405\Casts\BON046.hex
* Software Version Seasave V 7.22.3
* Temperature SN = 4530
* Conductivity SN = 4530
* System UpLoad Time = May 16 2014 05:06:07
* Real-Time Sample Interval = 0.2500 seconds
* System UTC = May 16 2014 05:06:07
# nquan = 7                                 
# nvalues = 245                         
# units = specified
# name 0 = timeS: Time, Elapsed [seconds]
# name 1 = prdM: Pressure, Strain Gauge [db]
# name 2 = tv290C: Temperature [ITS-90, deg C]
# name 3 = c0mS/cm: Conductivity [mS/cm]
# name 4 = sal00: Salinity, Practical [PSU]
# name 5 = sigma-t00: Density [sigma-t, Kg/m^3 ]
# name 6 = flag: flag
# span 0 =     83.200,    922.328       
# span 1 =      1.000,    123.000       
# span 2 =     4.2979,     6.0945       
# span 3 =  22.308911,  32.150856       
# span 4 =    21.8685,    32.8224       
# span 5 =    17.2134,    26.0238       
# span 6 = 0.0000e+00, 0.0000e+00       
# interval = decibars: 1                
# start_time = May 16 2014 05:06:07 [System UTC, header]
# bad_flag = -9.990e-29
*END*
[from data line 206]
    736.110     39.000     4.4354  31.061619    32.7697    25.9681 0.0000e+00
    739.861     38.000     4.4525  31.072929    32.7664    25.9637 0.0000e+00
    743.535     37.000     4.4650  31.081747    32.7648    25.9611 0.0000e+00
    746.994     36.000     4.4917  31.093508    32.7525    25.9486 0.0000e+00
    750.968     35.000     4.5232  31.104332    32.7344    25.9309 0.0000e+00
    754.507     34.000     4.5428  31.102089    32.7129    25.9117 0.0000e+00
    758.654     33.000     4.5603  31.107130    32.7020    25.9012 0.0000e+00
    762.533     32.000     4.6165  31.144898    32.6908    25.8864 0.0000e+00
    766.226     31.000     4.7004  31.210525    32.6847    25.8726 0.0000e+00
    770.235     30.000     4.7300  31.234580    32.6838    25.8688 0.0000e+00
    774.245     29.000     4.7900  31.283968    32.6824    25.8611 0.0000e+00
    778.087     28.000     4.8288  31.314359    32.6798    25.8549 0.0000e+00
    782.207     27.000     4.8332  31.314423    32.6761    25.8514 0.0000e+00
    786.081     26.000     4.8244  31.302542    32.6715    25.8488 0.0000e+00
    790.412     25.000     4.8097  31.287174    32.6687    25.8482 0.0000e+00
    794.994     24.000     4.7941  31.271142    32.6661    25.8477 0.0000e+00
    800.289     23.000     4.7674  31.242563    32.6598    25.8457 0.0000e+00
    805.878     22.000     4.7113  31.182496    32.6460    25.8408 0.0000e+00
    810.956     21.000     4.6934  31.159454    32.6375    25.8359 0.0000e+00
    816.217     20.000     4.7027  31.153609    32.6220    25.8227 0.0000e+00
    821.671     19.000     4.7116  31.154623    32.6150    25.8161 0.0000e+00
    827.602     18.000     4.7416  31.172676    32.6068    25.8064 0.0000e+00
    833.944     17.000     4.7887  31.202865    32.5960    25.7928 0.0000e+00
    840.838     16.000     4.8467  31.237786    32.5799    25.7737 0.0000e+00
    848.470     15.000     4.8839  31.256743    32.5658    25.7585 0.0000e+00
    855.014     14.000     4.9637  31.306246    32.5452    25.7334 0.0000e+00
    860.923     13.000     5.1309  31.424646    32.5183    25.6936 0.0000e+00
    867.625     12.000     5.1546  31.441136    32.5146    25.6880 0.0000e+00
    875.189     11.000     5.1319  31.419088    32.5120    25.6885 0.0000e+00
    881.357     10.000     5.2703  31.513009    32.4852    25.6517 0.0000e+00
    886.220      9.000     5.3364  31.553669    32.4679    25.6305 0.0000e+00
    890.322      8.000     5.3902  31.581557    32.4480    25.6086 0.0000e+00
    894.231      7.000     5.4422  31.614096    32.4352    25.5925 0.0000e+00
    897.683      6.000     5.5607  31.712152    32.4324    25.5765 0.0000e+00
    901.237      5.000     5.6560  31.795212    32.4349    25.5673 0.0000e+00
    905.051      4.000     5.8024  31.917007    32.4318    25.5475 0.0000e+00
    908.773      3.000     6.0557  32.121162    32.4183    25.5063 0.0000e+00
    912.622      2.000     6.0553  32.120251    32.4182    25.5062 0.0000e+00
    922.328      1.000     6.0945  32.150856    32.4154    25.4992 0.0000e+00
