data/seacat/current/bon039.cnv
* Sea-Bird SBE 19plus Data File:
* FileName = C:\Sea-Bird Data\2014\DY1405\Casts\BON039.hex
* Software Version Seasave V 7.22.3
* Temperature SN = 4530
* Conductivity SN = 4530
* System UpLoad Time = May 12 2014 00:20:20
* Real-Time Sample Interval = 0.2500 seconds
* System UTC = May 12 2014 00:20:20
# nquan = 7                                 
# nvalues = 129                         
# units = specified
# name 0 = timeS: Time, Elapsed [seconds]
# name 1 = prdM: Pressure, Strain Gauge [db]
# name 2 = tv290C: Temperature [ITS-90, deg C]
# name 3 = c0mS/cm: Conductivity [mS/cm]
# name 4 = sal00: Salinity, Practical [PSU]
# name 5 = sigma-t00: Density [sigma-t, Kg/m^3 ]
# name 6 = flag: flag
# span 0 =    178.137,    567.309       
# span 1 =      1.000,     65.000       
# span 2 =    -1.3598,     0.5998       
# span 3 =  21.859782,  26.919796       
# span 4 =    25.1286,    31.9546       
# span 5 =    20.1291,    25.6386       
# span 6 = 0.0000e+00, 0.0000e+00       
# interval = decibars: 1                
# start_time = May 12 2014 00:20:20 [System UTC, header]
# bad_flag = -9.990e-29
*END*
    178.137      1.000     0.5998  21.859782    25.1286    20.1291 0.0000e+00
    181.137      2.000     0.0632  26.420064    31.4748    25.2584 0.0000e+00
    182.466      3.000     0.1362  26.517167    31.5262    25.2966 0.0000e+00
    188.448      4.000     0.3271  26.827709    31.7341    25.4553 0.0000e+00
    192.678      5.000     0.3021  26.774136    31.6896    25.4206 0.0000e+00
    194.293      6.000     0.0889  26.601411    31.6837    25.4257 0.0000e+00
    195.952      7.000     0.1837  26.679609    31.6874    25.4244 0.0000e+00
    198.302      8.000     0.2180  26.719010    31.7028    25.4353 0.0000e+00
    200.002      9.000     0.1764  26.819339    31.8765    25.5772 0.0000e+00
    201.753     10.000     0.1964  26.881465    31.9364    25.6245 0.0000e+00
    203.591     11.000     0.3594  26.919796    31.8166    25.5202 0.0000e+00
    205.712     12.000     0.2788  26.866442    31.8300    25.5349 0.0000e+00
    207.835     13.000     0.1808  26.867651    31.9328    25.6224 0.0000e+00
    209.672     14.000     0.2094  26.907477    31.9546    25.6386 0.0000e+00
    212.154     15.000     0.3115  26.881533    31.8141    25.5205 0.0000e+00
    214.536     16.000     0.1653  26.826338    31.8932    25.5912 0.0000e+00
    216.263     17.000    -0.0342  26.454419    31.6119    25.3732 0.0000e+00
    218.662     18.000    -0.2156  26.062035    31.2816    25.1140 0.0000e+00
    220.988     19.000    -0.2265  26.029114    31.2488    25.0879 0.0000e+00
    222.701     20.000    -0.2423  26.014547    31.2452    25.0856 0.0000e+00
    224.788     21.000    -0.2470  26.010295    31.2438    25.0847 0.0000e+00
    226.884     22.000    -0.2633  25.997011    31.2424    25.0842 0.0000e+00
    228.611     23.000    -0.3094  25.960016    31.2403    25.0843 0.0000e+00
    230.690     24.000    -0.3394  25.936253    31.2391    25.0844 0.0000e+00
    232.614     25.000    -0.3490  25.928655    31.2384    25.0842 0.0000e+00
    234.172     26.000    -0.3498  25.928660    31.2386    25.0844 0.0000e+00
    235.951     27.000    -0.3442  25.933551    31.2388    25.0843 0.0000e+00
    238.274     28.000    -0.3407  25.936831    31.2390    25.0843 0.0000e+00
    240.091     29.000    -0.3432  25.935082    31.2387    25.0842 0.0000e+00
    241.605     30.000    -0.3471  25.932555    31.2387    25.0844 0.0000e+00
    243.515     31.000    -0.3518  25.929230    31.2386    25.0845 0.0000e+00
    245.847     32.000    -0.3520  25.929426    31.2385    25.0844 0.0000e+00
    247.567     33.000    -0.3533  25.928590    31.2382    25.0842 0.0000e+00
    249.187     34.000    -0.3649  25.920588    31.2389    25.0852 0.0000e+00
    251.001     35.000    -0.3820  25.908128    31.2394    25.0862 0.0000e+00
    252.932     36.000    -0.3907  25.902253    31.2400    25.0870 0.0000e+00
    254.783     37.000    -0.4016  25.894600    31.2405    25.0878 0.0000e+00
    256.654     38.000    -0.4101  25.888834    31.2411    25.0886 0.0000e+00
    258.393     39.000    -0.4497  25.860078    31.2431    25.0916 0.0000e+00
    260.124     40.000    -0.6070  25.745244    31.2520    25.1043 0.0000e+00
    262.168     41.000    -0.7925  25.614657    31.2687    25.1238 0.0000e+00
    263.981     42.000    -0.9150  25.534677    31.2879    25.1430 0.0000e+00
    265.920     43.000    -1.1048  25.414302    31.3227    25.1764 0.0000e+00
    268.387     44.000    -1.2302  25.336159    31.3473    25.1996 0.0000e+00
    270.184     45.000    -1.2882  25.297471    31.3550    25.2072 0.0000e+00
    272.084     46.000    -1.3263  25.272548    31.3604    25.2126 0.0000e+00
    274.534     47.000    -1.3374  25.265101    31.3613    25.2136 0.0000e+00
    276.300     48.000    -1.3410  25.262260    31.3607    25.2131 0.0000e+00
    277.891     49.000    -1.3442  25.260133    31.3605    25.2131 0.0000e+00
    279.825     50.000    -1.3513  25.255735    31.3614    25.2139 0.0000e+00
    281.863     51.000    -1.3544  25.253882    31.3615    25.2141 0.0000e+00
    283.643     52.000    -1.3558  25.252938    31.3611    25.2138 0.0000e+00
    285.383     53.000    -1.3558  25.253178    31.3609    25.2136 0.0000e+00
    287.087     54.000    -1.3552  25.253708    31.3604    25.2132 0.0000e+00
    288.895     55.000    -1.3557  25.253594    31.3602    25.2130 0.0000e+00
    290.903     56.000    -1.3583  25.252240    31.3605    25.2133 0.0000e+00
    292.751     57.000    -1.3589  25.252072    31.3603    25.2132 0.0000e+00
    294.552     58.000    -1.3591  25.252307    31.3602    25.2131 0.0000e+00
    296.508     59.000    -1.3593  25.252512    31.3601    25.2131 0.0000e+00
    298.634     60.000    -1.3594  25.252831    31.3601    25.2130 0.0000e+00
    300.623     61.000    -1.3594  25.253081    31.3598    25.2128 0.0000e+00
    302.914     62.000    -1.3597  25.253370    31.3599    25.2129 0.0000e+00
    305.322     63.000    -1.3595  25.253794    31.3597    25.2128 0.0000e+00
    307.452     64.000    -1.3598  25.254011    31.3597    25.2128 0.0000e+00
    314.537     65.000    -1.3580  25.255415    31.3592    25.2123 0.0000e+00
    321.255     64.000    -1.3578  25.255191    31.3592    25.2123 0.0000e+00
    323.823     63.000    -1.3586  25.254140    31.3592    25.2123 0.0000e+00
    326.490     62.000    -1.3588  25.253433    31.3591    25.2122 0.0000e+00
    329.610     61.000    -1.3589  25.252986    31.3592    25.2123 0.0000e+00
    332.533     60.000    -1.3585  25.252685    31.3589    25.2121 0.0000e+00
    334.901     59.000    -1.3590  25.251948    31.3590    25.2122 0.0000e+00
    337.834     58.000    -1.3592  25.251377    31.3590    25.2122 0.0000e+00
    340.200     57.000    -1.3590  25.251004    31.3589    25.2121 0.0000e+00
    342.573     56.000    -1.3581  25.251125    31.3587    25.2119 0.0000e+00
    345.108     55.000    -1.3575  25.250954    31.3584    25.2117 0.0000e+00
    347.878     54.000    -1.3578  25.250322    31.3585    25.2117 0.0000e+00
    350.036     53.000    -1.3566  25.250459    31.3580    25.2113 0.0000e+00
    352.629     52.000    -1.3552  25.250754    31.3575    25.2109 0.0000e+00
    355.749     51.000    -1.3537  25.251297    31.3573    25.2106 0.0000e+00
    358.167     50.000    -1.3531  25.251223    31.3571    25.2105 0.0000e+00
    361.473     49.000    -1.3529  25.250934    31.3571    25.2105 0.0000e+00
    364.972     48.000    -1.3511  25.251643    31.3568    25.2102 0.0000e+00
    368.666     47.000    -1.3481  25.252927    31.3560    25.2095 0.0000e+00
    372.982     46.000    -1.3429  25.255635    31.3548    25.2084 0.0000e+00
    377.095     45.000    -1.3331  25.260850    31.3522    25.2061 0.0000e+00
    381.239     44.000    -1.2929  25.286100    31.3450    25.1993 0.0000e+00
    384.886     43.000    -1.1917  25.349575    31.3258    25.1812 0.0000e+00
    388.514     42.000    -0.9601  25.494126    31.2802    25.1381 0.0000e+00
    391.967     41.000    -0.8442  25.570414    31.2630    25.1207 0.0000e+00
    395.399     40.000    -0.7196  25.657495    31.2512    25.1073 0.0000e+00
    398.958     39.000    -0.6387  25.715845    31.2461    25.1005 0.0000e+00
    402.456     38.000    -0.5789  25.760012    31.2438    25.0967 0.0000e+00
    406.057     37.000    -0.5434  25.786808    31.2434    25.0952 0.0000e+00
    409.951     36.000    -0.5238  25.801746    31.2436    25.0947 0.0000e+00
    414.242     35.000    -0.4767  25.837725    31.2435    25.0929 0.0000e+00
    419.287     34.000    -0.4426  25.863913    31.2437    25.0919 0.0000e+00
    426.465     33.000    -0.4278  25.875570    31.2445    25.0920 0.0000e+00
    434.694     32.000    -0.4184  25.882818    31.2450    25.0921 0.0000e+00
    440.713     31.000    -0.4172  25.883506    31.2453    25.0923 0.0000e+00
    445.433     30.000    -0.4079  25.890106    31.2450    25.0917 0.0000e+00
    449.139     29.000    -0.3967  25.898148    31.2448    25.0911 0.0000e+00
    453.306     28.000    -0.3992  25.895938    31.2450    25.0913 0.0000e+00
    456.811     27.000    -0.4012  25.894056    31.2451    25.0915 0.0000e+00
    461.057     26.000    -0.3965  25.897176    31.2450    25.0912 0.0000e+00
    465.051     25.000    -0.3950  25.897983    31.2451    25.0913 0.0000e+00
    469.420     24.000    -0.3952  25.897527    31.2452    25.0914 0.0000e+00
    472.869     23.000    -0.3912  25.899992    31.2450    25.0910 0.0000e+00
    477.184     22.000    -0.3837  25.905136    31.2446    25.0905 0.0000e+00
    480.655     21.000    -0.3804  25.907252    31.2446    25.0904 0.0000e+00
    484.806     20.000    -0.3772  25.909172    31.2444    25.0901 0.0000e+00
    488.235     19.000    -0.3750  25.910462    31.2445    25.0900 0.0000e+00
    492.168     18.000    -0.3694  25.914161    31.2442    25.0896 0.0000e+00
    496.864     17.000    -0.3674  25.915244    31.2441    25.0895 0.0000e+00
    501.745     16.000    -0.3624  25.918512    31.2439    25.0891 0.0000e+00
    507.129     15.000    -0.3567  25.922350    31.2437    25.0887 0.0000e+00
    511.948     14.000    -0.3509  25.926329    31.2435    25.0884 0.0000e+00
    516.085     13.000    -0.3404  25.933676    31.2430    25.0876 0.0000e+00
    520.338     12.000    -0.3286  25.941965    31.2424    25.0867 0.0000e+00
    523.862     11.000    -0.3370  25.934871    31.2423    25.0869 0.0000e+00
    527.766     10.000    -0.3333  25.937196    31.2421    25.0866 0.0000e+00
    531.700      9.000    -0.3181  25.948575    31.2421    25.0860 0.0000e+00
    536.053      8.000    -0.3008  25.961352    31.2418    25.0851 0.0000e+00
    540.357      7.000    -0.2754  25.980479    31.2416    25.0840 0.0000e+00
    545.127      6.000    -0.2278  26.017212    31.2418    25.0823 0.0000e+00
    548.939      5.000    -0.2121  26.029067    31.2419    25.0818 0.0000e+00
    553.033      4.000    -0.1585  26.071034    31.2428    25.0804 0.0000e+00
    556.569      3.000    -0.1437  26.081918    31.2425    25.0796 0.0000e+00
    560.394      2.000    -0.1385  26.085561    31.2426    25.0794 0.0000e+00
    567.309      1.000    -0.1475  26.075021    31.2385    25.0765 0.0000e+00
