data/seacat/current/bon001.cnv
* Sea-Bird SBE 19plus Data File:
* FileName = C:\Sea-Bird Data\2014\DY1405\Casts\BON001.hex
* Software Version Seasave V 7.22.3
* Temperature SN = 4530
* Conductivity SN = 4530
* System UpLoad Time = May 07 2014 09:16:03
* Real-Time Sample Interval = 0.2500 seconds
* System UTC = May 07 2014 09:16:03
# nquan = 7                                 
# nvalues = 565                         
# units = specified
# name 0 = timeS: Time, Elapsed [seconds]
# name 1 = prdM: Pressure, Strain Gauge [db]
# name 2 = tv290C: Temperature [ITS-90, deg C]
# name 3 = c0mS/cm: Conductivity [mS/cm]
# name 4 = sal00: Salinity, Practical [PSU]
# name 5 = sigma-t00: Density [sigma-t, Kg/m^3 ]
# name 6 = flag: flag
# span 0 =    169.251,   1860.172       
# span 1 =      1.000,    283.000       
# span 2 =     3.6195,     4.6052       
# span 3 =  27.355762,  31.333301       
# span 4 =    28.3938,    33.4916       
# span 5 =    22.4850,    26.5953       
# span 6 = 0.0000e+00, 0.0000e+00       
# interval = decibars: 1                
# start_time = May 07 2014 09:16:03 [System UTC, header]
# bad_flag = -9.990e-29
*END*
[from data line 206]
    607.453    207.000     3.7256  30.891603    33.1954    26.3778 0.0000e+00
    609.726    208.000     3.7349  30.905134    33.2015    26.3817 0.0000e+00
    612.300    209.000     3.7409  30.914287    33.2058    26.3845 0.0000e+00
    613.548    210.000     3.7457  30.921316    33.2087    26.3864 0.0000e+00
    615.240    211.000     3.7491  30.925926    33.2103    26.3873 0.0000e+00
    617.542    212.000     3.7522  30.931132    33.2128    26.3890 0.0000e+00
    619.544    213.000     3.7543  30.935462    33.2153    26.3908 0.0000e+00
    621.262    214.000     3.7595  30.943724    33.2193    26.3935 0.0000e+00
    623.127    215.000     3.7657  30.953792    33.2244    26.3969 0.0000e+00
    625.179    216.000     3.7683  30.958215    33.2265    26.3983 0.0000e+00
    627.690    217.000     3.7694  30.960636    33.2277    26.3992 0.0000e+00
    629.695    218.000     3.7706  30.962953    33.2287    26.3999 0.0000e+00
    631.162    219.000     3.7734  30.967764    33.2311    26.4015 0.0000e+00
    633.342    220.000     3.7761  30.972626    33.2336    26.4032 0.0000e+00
    636.260    221.000     3.7788  30.977397    33.2360    26.4049 0.0000e+00
    637.639    222.000     3.7807  30.981330    33.2382    26.4065 0.0000e+00
    639.651    223.000     3.7822  30.984700    33.2402    26.4079 0.0000e+00
    642.689    224.000     3.7842  30.989177    33.2429    26.4099 0.0000e+00
    644.012    225.000     3.7879  30.998336    33.2495    26.4148 0.0000e+00
    645.980    226.000     3.7912  31.007278    33.2563    26.4198 0.0000e+00
    648.820    227.000     3.7922  31.010731    33.2588    26.4217 0.0000e+00
    650.620    228.000     3.7923  31.011999    33.2597    26.4224 0.0000e+00
    652.338    229.000     3.7924  31.013325    33.2607    26.4232 0.0000e+00
    654.299    230.000     3.7925  31.014109    33.2610    26.4234 0.0000e+00
    656.895    231.000     3.7927  31.015134    33.2615    26.4238 0.0000e+00
    659.224    232.000     3.7931  31.016545    33.2622    26.4243 0.0000e+00
    660.671    233.000     3.7941  31.019056    33.2636    26.4254 0.0000e+00
    662.471    234.000     3.8014  31.036672    33.2766    26.4350 0.0000e+00
    665.519    235.000     3.8103  31.056581    33.2907    26.4453 0.0000e+00
    667.217    236.000     3.8241  31.089330    33.3150    26.4633 0.0000e+00
    668.680    237.000     3.8322  31.111009    33.3319    26.4760 0.0000e+00
    670.935    238.000     3.8345  31.117078    33.3363    26.4792 0.0000e+00
    673.057    239.000     3.8349  31.118527    33.3370    26.4798 0.0000e+00
    674.821    240.000     3.8351  31.119745    33.3378    26.4804 0.0000e+00
    676.825    241.000     3.8352  31.120417    33.3379    26.4805 0.0000e+00
    678.668    242.000     3.8355  31.121778    33.3387    26.4811 0.0000e+00
    680.538    243.000     3.8371  31.126130    33.3417    26.4833 0.0000e+00
    682.764    244.000     3.8389  31.130091    33.3441    26.4850 0.0000e+00
    684.648    245.000     3.8470  31.147502    33.3560    26.4937 0.0000e+00
    686.233    246.000     3.8533  31.161794    33.3660    26.5010 0.0000e+00
    688.510    247.000     3.8551  31.165677    33.3682    26.5026 0.0000e+00
    690.533    248.000     3.8592  31.174182    33.3736    26.5065 0.0000e+00
    691.910    249.000     3.8631  31.182722    33.3792    26.5106 0.0000e+00
    693.867    250.000     3.8669  31.190951    33.3846    26.5145 0.0000e+00
    696.316    251.000     3.8700  31.198333    33.3897    26.5182 0.0000e+00
    697.817    252.000     3.8746  31.210104    33.3984    26.5247 0.0000e+00
    699.376    253.000     3.8804  31.225586    33.4103    26.5336 0.0000e+00
    701.537    254.000     3.8835  31.233195    33.4156    26.5375 0.0000e+00
    703.467    255.000     3.8846  31.235903    33.4172    26.5387 0.0000e+00
    704.971    256.000     3.8856  31.237975    33.4181    26.5393 0.0000e+00
    706.847    257.000     3.8864  31.239357    33.4184    26.5395 0.0000e+00
    708.737    258.000     3.8871  31.241069    33.4192    26.5400 0.0000e+00
    710.265    259.000     3.8888  31.245288    33.4220    26.5420 0.0000e+00
    712.285    260.000     3.8909  31.249882    33.4247    26.5440 0.0000e+00
    713.893    261.000     3.8937  31.255719    33.4283    26.5466 0.0000e+00
    715.216    262.000     3.8983  31.266341    33.4356    26.5520 0.0000e+00
    717.370    263.000     3.9031  31.278788    33.4450    26.5589 0.0000e+00
    719.186    264.000     3.9047  31.283632    33.4485    26.5616 0.0000e+00
    720.608    265.000     3.9055  31.287020    33.4512    26.5637 0.0000e+00
    722.276    266.000     3.9060  31.288922    33.4524    26.5646 0.0000e+00
    723.924    267.000     3.9063  31.290328    33.4533    26.5652 0.0000e+00
    725.638    268.000     3.9064  31.292118    33.4548    26.5664 0.0000e+00
    727.336    269.000     3.9066  31.295855    33.4585    26.5693 0.0000e+00
    729.122    270.000     3.9069  31.302384    33.4654    26.5748 0.0000e+00
    731.074    271.000     3.9072  31.308075    33.4713    26.5795 0.0000e+00
    732.350    272.000     3.9074  31.312546    33.4759    26.5831 0.0000e+00
    733.624    273.000     3.9077  31.316211    33.4794    26.5858 0.0000e+00
    735.532    274.000     3.9080  31.318500    33.4813    26.5873 0.0000e+00
    737.617    275.000     3.9083  31.320902    33.4833    26.5889 0.0000e+00
    739.136    276.000     3.9086  31.322764    33.4846    26.5899 0.0000e+00
    740.414    277.000     3.9089  31.324422    33.4858    26.5908 0.0000e+00
    741.972    278.000     3.9091  31.325945    33.4869    26.5917 0.0000e+00
    744.256    279.000     3.9095  31.327444    33.4877    26.5923 0.0000e+00
    745.792    280.000     3.9100  31.329959    33.4897    26.5938 0.0000e+00
    747.182    281.000     3.9105  31.332086    33.4911    26.5949 0.0000e+00
    749.016    282.000     3.9107  31.332919    33.4914    26.5951 0.0000e+00
    758.419    283.000     3.9107  31.333301    33.4913    26.5950 0.0000e+00
    762.181    282.000     3.9106  31.332995    33.4916    26.5953 0.0000e+00
    765.877    281.000     3.9103  31.331718    33.4909    26.5947 0.0000e+00
    767.458    280.000     3.9101  31.330092    33.4897    26.5938 0.0000e+00
    771.810    279.000     3.9094  31.327067    33.4874    26.5920 0.0000e+00
    774.905    278.000     3.9093  31.326198    33.4870    26.5917 0.0000e+00
    779.589    277.000     3.9090  31.324539    33.4858    26.5908 0.0000e+00
    781.847    276.000     3.9088  31.323405    33.4852    26.5904 0.0000e+00
    786.016    275.000     3.9085  31.321854    33.4842    26.5896 0.0000e+00
    788.367    274.000     3.9084  31.320452    33.4832    26.5888 0.0000e+00
    792.436    273.000     3.9079  31.317589    33.4808    26.5869 0.0000e+00
    795.859    272.000     3.9077  31.316124    33.4798    26.5862 0.0000e+00
    799.083    271.000     3.9075  31.313094    33.4769    26.5839 0.0000e+00
    803.016    270.000     3.9074  31.311107    33.4752    26.5825 0.0000e+00
    805.910    269.000     3.9072  31.305329    33.4691    26.5777 0.0000e+00
    809.792    268.000     3.9068  31.297360    33.4606    26.5710 0.0000e+00
    813.675    267.000     3.9065  31.291993    33.4550    26.5666 0.0000e+00
    817.178    266.000     3.9064  31.290818    33.4543    26.5660 0.0000e+00
    821.333    265.000     3.9062  31.288932    33.4528    26.5648 0.0000e+00
    824.931    264.000     3.9059  31.287447    33.4518    26.5641 0.0000e+00
    828.494    263.000     3.9056  31.286337    33.4514    26.5638 0.0000e+00
    832.772    262.000     3.9054  31.285082    33.4506    26.5632 0.0000e+00
    835.705    261.000     3.9043  31.281118    33.4475    26.5609 0.0000e+00
    839.729    260.000     3.9026  31.275848    33.4436    26.5578 0.0000e+00
    843.172    259.000     3.9010  31.271470    33.4405    26.5556 0.0000e+00
    845.992    258.000     3.8970  31.261957    33.4339    26.5507 0.0000e+00
    850.260    257.000     3.8892  31.245010    33.4223    26.5422 0.0000e+00
    853.880    256.000     3.8895  31.245763    33.4234    26.5431 0.0000e+00
    858.682    255.000     3.8890  31.244819    33.4233    26.5431 0.0000e+00
    862.392    254.000     3.8882  31.243119    33.4226    26.5426 0.0000e+00
    866.470    253.000     3.8865  31.239469    33.4205    26.5411 0.0000e+00
    869.857    252.000     3.8854  31.236764    33.4190    26.5400 0.0000e+00
    874.390    251.000     3.8799  31.224653    33.4108    26.5340 0.0000e+00
    877.005    250.000     3.8775  31.218319    33.4062    26.5306 0.0000e+00
    882.264    249.000     3.8696  31.198836    33.3917    26.5199 0.0000e+00
    885.992    248.000     3.8644  31.185411    33.3816    26.5124 0.0000e+00
    890.518    247.000     3.8593  31.173633    33.3734    26.5063 0.0000e+00
    895.008    246.000     3.8477  31.146840    33.3539    26.4920 0.0000e+00
    900.088    245.000     3.8458  31.142753    33.3515    26.4903 0.0000e+00
    904.181    244.000     3.8440  31.138731    33.3491    26.4885 0.0000e+00
    910.395    243.000     3.8413  31.133008    33.3456    26.4860 0.0000e+00
    914.731    242.000     3.8415  31.132823    33.3457    26.4861 0.0000e+00
    919.694    241.000     3.8410  31.131194    33.3448    26.4854 0.0000e+00
    923.687    240.000     3.8398  31.127910    33.3427    26.4838 0.0000e+00
    927.125    239.000     3.8392  31.125970    33.3415    26.4829 0.0000e+00
    931.451    238.000     3.8380  31.122516    33.3391    26.4812 0.0000e+00
    936.374    237.000     3.8346  31.113193    33.3321    26.4759 0.0000e+00
    940.705    236.000     3.8301  31.101571    33.3234    26.4694 0.0000e+00
    946.000    235.000     3.8217  31.082690    33.3101    26.4596 0.0000e+00
    950.313    234.000     3.8165  31.071397    33.3025    26.4541 0.0000e+00
    954.615    233.000     3.8113  31.059650    33.2943    26.4481 0.0000e+00
    957.745    232.000     3.7992  31.031807    33.2741    26.4332 0.0000e+00
    961.604    231.000     3.7946  31.020476    33.2659    26.4271 0.0000e+00
    965.153    230.000     3.7945  31.019457    33.2653    26.4267 0.0000e+00
    968.954    229.000     3.7949  31.018999    33.2649    26.4263 0.0000e+00
    972.408    228.000     3.7952  31.018365    33.2643    26.4258 0.0000e+00
    976.721    227.000     3.7951  31.017346    33.2637    26.4254 0.0000e+00
    978.159    226.000     3.7922  31.009532    33.2579    26.4210 0.0000e+00
    983.275    225.000     3.7861  30.993319    33.2454    26.4117 0.0000e+00
    984.915    224.000     3.7862  30.993435    33.2460    26.4121 0.0000e+00
    988.951    223.000     3.7847  30.989765    33.2436    26.4104 0.0000e+00
    992.425    222.000     3.7843  30.988362    33.2429    26.4099 0.0000e+00
    994.537    221.000     3.7833  30.985810    33.2414    26.4088 0.0000e+00
    998.494    220.000     3.7820  30.982272    33.2391    26.4070 0.0000e+00
   1001.071    219.000     3.7812  30.980190    33.2379    26.4062 0.0000e+00
   1004.323    218.000     3.7796  30.976087    33.2352    26.4042 0.0000e+00
   1007.443    217.000     3.7788  30.973597    33.2336    26.4030 0.0000e+00
   1010.077    216.000     3.7775  30.969983    33.2311    26.4011 0.0000e+00
   1013.682    215.000     3.7760  30.966822    33.2294    26.3999 0.0000e+00
   1016.521    214.000     3.7729  30.961779    33.2271    26.3984 0.0000e+00
   1020.010    213.000     3.7706  30.958137    33.2256    26.3974 0.0000e+00
   1022.725    212.000     3.7679  30.953793    33.2237    26.3962 0.0000e+00
   1025.671    211.000     3.7634  30.946217    33.2198    26.3935 0.0000e+00
   1029.437    210.000     3.7590  30.938908    33.2161    26.3910 0.0000e+00
   1031.260    209.000     3.7551  30.933132    33.2138    26.3895 0.0000e+00
   1034.704    208.000     3.7479  30.922819    33.2093    26.3867 0.0000e+00
   1037.778    207.000     3.7394  30.908453    33.2014    26.3812 0.0000e+00
   1040.252    206.000     3.7155  30.873833    33.1851    26.3705 0.0000e+00
   1043.291    205.000     3.7037  30.858052    33.1788    26.3666 0.0000e+00
   1046.118    204.000     3.6981  30.850013    33.1754    26.3645 0.0000e+00
   1049.221    203.000     3.6940  30.843600    33.1725    26.3626 0.0000e+00
   1051.692    202.000     3.6905  30.838178    33.1701    26.3610 0.0000e+00
   1054.711    201.000     3.6887  30.834969    33.1687    26.3600 0.0000e+00
   1057.421    200.000     3.6871  30.832376    33.1677    26.3594 0.0000e+00
   1060.522    199.000     3.6847  30.828793    33.1664    26.3586 0.0000e+00
   1062.817    198.000     3.6835  30.826773    33.1658    26.3582 0.0000e+00
   1066.141    197.000     3.6826  30.825033    33.1651    26.3578 0.0000e+00
   1068.510    196.000     3.6807  30.820580    33.1623    26.3557 0.0000e+00
   1071.311    195.000     3.6803  30.815849    33.1576    26.3520 0.0000e+00
   1074.648    194.000     3.6809  30.816455    33.1582    26.3524 0.0000e+00
   1076.607    193.000     3.6815  30.814937    33.1563    26.3509 0.0000e+00
   1080.726    192.000     3.6819  30.812800    33.1539    26.3489 0.0000e+00
   1082.635    191.000     3.6823  30.811953    33.1530    26.3482 0.0000e+00
   1085.785    190.000     3.6834  30.811740    33.1521    26.3474 0.0000e+00
   1088.913    189.000     3.6870  30.813540    33.1512    26.3462 0.0000e+00
   1091.147    188.000     3.6966  30.819321    33.1488    26.3435 0.0000e+00
   1094.931    187.000     3.7182  30.833245    33.1440    26.3375 0.0000e+00
   1097.030    186.000     3.7251  30.835809    33.1405    26.3341 0.0000e+00
   1100.622    185.000     3.7301  30.835263    33.1353    26.3295 0.0000e+00
   1103.330    184.000     3.7294  30.834468    33.1356    26.3298 0.0000e+00
   1106.258    183.000     3.7290  30.833579    33.1355    26.3297 0.0000e+00
   1109.250    182.000     3.7264  30.829206    33.1335    26.3284 0.0000e+00
   1111.960    181.000     3.7252  30.826502    33.1320    26.3273 0.0000e+00
   1115.205    180.000     3.7218  30.821118    33.1296    26.3257 0.0000e+00
   1117.776    179.000     3.7174  30.815311    33.1276    26.3246 0.0000e+00
   1120.921    178.000     3.7100  30.806819    33.1256    26.3237 0.0000e+00
   1124.575    177.000     3.7124  30.806416    33.1232    26.3215 0.0000e+00
   1127.455    176.000     3.7163  30.808457    33.1222    26.3204 0.0000e+00
   1130.963    175.000     3.7173  30.808330    33.1215    26.3197 0.0000e+00
   1134.557    174.000     3.7255  30.815301    33.1220    26.3194 0.0000e+00
   1137.970    173.000     3.7291  30.818313    33.1225    26.3194 0.0000e+00
   1141.624    172.000     3.7305  30.819068    33.1225    26.3192 0.0000e+00
   1145.280    171.000     3.7321  30.819479    33.1219    26.3186 0.0000e+00
   1149.268    170.000     3.7357  30.820891    33.1204    26.3171 0.0000e+00
   1153.049    169.000     3.7374  30.819017    33.1170    26.3142 0.0000e+00
   1156.930    168.000     3.7470  30.820865    33.1100    26.3077 0.0000e+00
   1161.728    167.000     3.7750  30.833884    33.0976    26.2951 0.0000e+00
   1165.626    166.000     3.7918  30.842363    33.0912    26.2884 0.0000e+00
   1171.248    165.000     3.7935  30.843020    33.0908    26.2879 0.0000e+00
   1175.167    164.000     3.7938  30.843105    33.0911    26.2881 0.0000e+00
   1178.909    163.000     3.7938  30.842843    33.0913    26.2883 0.0000e+00
   1184.645    162.000     3.7938  30.843099    33.0921    26.2889 0.0000e+00
   1190.658    161.000     3.7932  30.842334    33.0923    26.2892 0.0000e+00
   1195.797    160.000     3.7929  30.842093    33.0929    26.2896 0.0000e+00
   1201.504    159.000     3.7930  30.842279    33.0935    26.2901 0.0000e+00
   1206.560    158.000     3.7952  30.842405    33.0920    26.2887 0.0000e+00
   1211.854    157.000     3.8080  30.845558    33.0833    26.2805 0.0000e+00
   1217.154    156.000     3.8188  30.847901    33.0757    26.2734 0.0000e+00
