data/seacat/current/bon005.cnv
* Sea-Bird SBE 19plus Data File:
* FileName = C:\Sea-Bird Data\2014\DY1405\Casts\BON005.hex
* Software Version Seasave V 7.22.3
* Temperature SN = 4530
* Conductivity SN = 4530
* System UpLoad Time = May 07 2014 21:40:28
* Real-Time Sample Interval = 0.2500 seconds
* System UTC = May 07 2014 21:40:28
# nquan = 7                                 
# nvalues = 255                         
# units = specified
# name 0 = timeS: Time, Elapsed [seconds]
# name 1 = prdM: Pressure, Strain Gauge [db]
# name 2 = tv290C: Temperature [ITS-90, deg C]
# name 3 = c0mS/cm: Conductivity [mS/cm]
# name 4 = sal00: Salinity, Practical [PSU]
# name 5 = sigma-t00: Density [sigma-t, Kg/m^3 ]
# name 6 = flag: flag
# span 0 =    191.624,   1140.175       
# span 1 =      1.000,    128.000       
# span 2 =     4.1848,     5.0429       
# span 3 =  25.046631,  30.761030       
# span 4 =    25.3970,    32.6210       
# span 5 =    20.0681,    25.8756       
# span 6 = 0.0000e+00, 0.0000e+00       
# interval = decibars: 1                
# start_time = May 07 2014 21:40:28 [System UTC, header]
# bad_flag = -9.990e-29
*END*
[from data line 206]
    934.514     49.000     4.6415  30.605647    32.0325    25.3616 0.0000e+00
    941.853     48.000     4.6543  30.606133    32.0212    25.3512 0.0000e+00
    948.793     47.000     4.6517  30.591614    32.0074    25.3406 0.0000e+00
    954.660     46.000     4.6509  30.580355    31.9957    25.3313 0.0000e+00
    960.557     45.000     4.6529  30.560843    31.9717    25.3121 0.0000e+00
    967.702     44.000     4.6504  30.544768    31.9560    25.2999 0.0000e+00
    976.282     43.000     4.6457  30.527284    31.9408    25.2884 0.0000e+00
    983.451     42.000     4.6425  30.514514    31.9296    25.2798 0.0000e+00
    989.968     41.000     4.6414  30.510185    31.9261    25.2772 0.0000e+00
    997.328     40.000     4.6361  30.494163    31.9132    25.2675 0.0000e+00
   1002.598     39.000     4.6354  30.491830    31.9117    25.2664 0.0000e+00
   1007.472     38.000     4.6352  30.491028    31.9114    25.2662 0.0000e+00
   1012.813     37.000     4.6336  30.486656    31.9084    25.2640 0.0000e+00
   1016.924     36.000     4.6332  30.485476    31.9079    25.2636 0.0000e+00
   1021.541     35.000     4.6314  30.481367    31.9054    25.2618 0.0000e+00
   1025.368     34.000     4.6295  30.477026    31.9027    25.2599 0.0000e+00
   1029.816     33.000     4.6296  30.477135    31.9033    25.2603 0.0000e+00
   1034.061     32.000     4.6275  30.472603    31.9005    25.2583 0.0000e+00
   1037.824     31.000     4.6267  30.470573    31.8995    25.2576 0.0000e+00
   1041.237     30.000     4.6249  30.466491    31.8970    25.2558 0.0000e+00
   1045.050     29.000     4.6153  30.442783    31.8793    25.2427 0.0000e+00
   1047.834     28.000     4.6046  30.405145    31.8465    25.2179 0.0000e+00
   1051.083     27.000     4.6007  30.387869    31.8307    25.2058 0.0000e+00
   1054.163     26.000     4.5993  30.378781    31.8221    25.1990 0.0000e+00
   1057.075     25.000     4.5978  30.371389    31.8155    25.1939 0.0000e+00
   1060.056     24.000     4.5967  30.365345    31.8100    25.1897 0.0000e+00
   1063.027     23.000     4.5958  30.359096    31.8041    25.1852 0.0000e+00
   1066.144     22.000     4.5956  30.355219    31.8003    25.1822 0.0000e+00
   1069.297     21.000     4.5961  30.351241    31.7958    25.1785 0.0000e+00
   1072.030     20.000     4.5963  30.345704    31.7896    25.1736 0.0000e+00
   1075.553     19.000     4.5964  30.342272    31.7861    25.1708 0.0000e+00
   1078.198     18.000     4.5963  30.339424    31.7834    25.1686 0.0000e+00
   1082.089     17.000     4.5963  30.335029    31.7788    25.1650 0.0000e+00
   1084.862     16.000     4.5996  30.327043    31.7669    25.1552 0.0000e+00
   1088.848     15.000     4.6049  30.322631    31.7572    25.1470 0.0000e+00
   1091.739     14.000     4.6172  30.320935    31.7439    25.1352 0.0000e+00
   1095.483     13.000     4.6565  30.328856    31.7159    25.1089 0.0000e+00
   1098.815     12.000     4.6924  30.346483    31.7024    25.0944 0.0000e+00
   1102.578     11.000     4.7035  30.351358    31.6979    25.0897 0.0000e+00
   1105.960     10.000     4.7071  30.350592    31.6940    25.0863 0.0000e+00
   1109.761      9.000     4.7180  30.351159    31.6848    25.0778 0.0000e+00
   1113.637      8.000     4.7319  30.352392    31.6734    25.0673 0.0000e+00
   1117.020      7.000     4.7637  30.353088    31.6443    25.0409 0.0000e+00
   1120.434      6.000     4.7833  30.355952    31.6294    25.0271 0.0000e+00
   1124.312      5.000     4.8000  30.358949    31.6175    25.0158 0.0000e+00
   1127.763      4.000     4.8032  30.359844    31.6159    25.0143 0.0000e+00
   1131.614      3.000     4.8146  30.366258    31.6130    25.0107 0.0000e+00
   1135.129      2.000     4.8169  30.368625    31.6140    25.0113 0.0000e+00
   1140.175      1.000     4.8043  30.362238    31.6191    25.0167 0.0000e+00
