data/seacat/current/bon031.cnv
* Sea-Bird SBE 19plus Data File:
* FileName = C:\Sea-Bird Data\2014\DY1405\Casts\BON031.hex
* Software Version Seasave V 7.22.3
* Temperature SN = 4530
* Conductivity SN = 4530
* System UpLoad Time = May 11 2014 04:24:53
* Real-Time Sample Interval = 0.2500 seconds
* System UTC = May 11 2014 04:24:53
# nquan = 7                                 
# nvalues = 125                         
# units = specified
# name 0 = timeS: Time, Elapsed [seconds]
# name 1 = prdM: Pressure, Strain Gauge [db]
# name 2 = tv290C: Temperature [ITS-90, deg C]
# name 3 = c0mS/cm: Conductivity [mS/cm]
# name 4 = sal00: Salinity, Practical [PSU]
# name 5 = sigma-t00: Density [sigma-t, Kg/m^3 ]
# name 6 = flag: flag
# span 0 =    137.237,    516.852       
# span 1 =      1.000,     63.000       
# span 2 =     1.4494,     2.9549       
# span 3 =  21.844791,  29.661866       
# span 4 =    23.3018,    33.0489       
# span 5 =    18.5628,    26.3721       
# span 6 = 0.0000e+00, 0.0000e+00       
# interval = decibars: 1                
# start_time = May 11 2014 04:24:53 [System UTC, header]
# bad_flag = -9.990e-29
*END*
    137.237      1.000     2.9549  21.844791    23.3018    18.5628 0.0000e+00
    138.614      2.000     2.5135  28.732251    31.9188    25.4655 0.0000e+00
    140.063      3.000     2.5116  29.266677    32.5761    25.9910 0.0000e+00
    141.786      4.000     2.5295  29.372760    32.6877    26.0787 0.0000e+00
    148.101      5.000     2.5135  29.412495    32.7524    26.1317 0.0000e+00
    151.363      6.000     2.5619  29.519832    32.8341    26.1931 0.0000e+00
    153.232      7.000     2.5956  29.556200    32.8436    26.1979 0.0000e+00
    155.084      8.000     2.5859  29.582377    32.8851    26.2319 0.0000e+00
    156.865      9.000     2.5684  29.563163    32.8790    26.2284 0.0000e+00
    158.604     10.000     2.5378  29.589844    32.9428    26.2819 0.0000e+00
    160.511     11.000     2.5185  29.625447    33.0060    26.3340 0.0000e+00
    162.333     12.000     2.4820  29.582149    32.9899    26.3240 0.0000e+00
    164.117     13.000     2.4713  29.621517    33.0489    26.3721 0.0000e+00
    166.264     14.000     2.5075  29.640448    33.0342    26.3574 0.0000e+00
    168.332     15.000     2.5048  29.646865    33.0443    26.3657 0.0000e+00
    170.444     16.000     2.5405  29.661866    33.0253    26.3476 0.0000e+00
    172.548     17.000     2.5677  29.659654    32.9939    26.3203 0.0000e+00
    175.212     18.000     2.4372  29.560436    33.0062    26.3407 0.0000e+00
    177.407     19.000     2.1327  28.991882    32.6161    26.0523 0.0000e+00
    179.402     20.000     1.9765  28.691387    32.4021    25.8924 0.0000e+00
    181.864     21.000     1.9103  28.622407    32.3834    25.8821 0.0000e+00
    184.153     22.000     1.8054  28.535245    32.3815    25.8880 0.0000e+00
    186.285     23.000     1.6557  28.411432    32.3795    25.8968 0.0000e+00
    188.404     24.000     1.5407  28.315689    32.3769    25.9024 0.0000e+00
    190.244     25.000     1.4962  28.278584    32.3754    25.9042 0.0000e+00
    192.336     26.000     1.4835  28.267873    32.3744    25.9042 0.0000e+00
    194.678     27.000     1.4753  28.260389    32.3729    25.9035 0.0000e+00
    196.663     28.000     1.4738  28.258933    32.3720    25.9029 0.0000e+00
    198.430     29.000     1.4719  28.257535    32.3717    25.9028 0.0000e+00
    200.376     30.000     1.4644  28.251034    32.3707    25.9024 0.0000e+00
    202.997     31.000     1.4621  28.249050    32.3700    25.9020 0.0000e+00
    204.886     32.000     1.4598  28.247193    32.3694    25.9018 0.0000e+00
    206.892     33.000     1.4567  28.244792    32.3690    25.9017 0.0000e+00
    209.011     34.000     1.4556  28.244066    32.3687    25.9015 0.0000e+00
    211.023     35.000     1.4546  28.243522    32.3685    25.9014 0.0000e+00
    213.289     36.000     1.4557  28.244693    32.3683    25.9011 0.0000e+00
    215.087     37.000     1.4553  28.244695    32.3681    25.9010 0.0000e+00
    217.070     38.000     1.4574  28.246924    32.3682    25.9010 0.0000e+00
    219.182     39.000     1.4562  28.246213    32.3680    25.9009 0.0000e+00
    221.137     40.000     1.4543  28.244826    32.3677    25.9007 0.0000e+00
    222.970     41.000     1.4551  28.246005    32.3678    25.9008 0.0000e+00
    225.000     42.000     1.4542  28.245596    32.3676    25.9007 0.0000e+00
    227.122     43.000     1.4557  28.247365    32.3678    25.9007 0.0000e+00
    228.900     44.000     1.4578  28.249614    32.3679    25.9007 0.0000e+00
    230.680     45.000     1.4580  28.250102    32.3677    25.9005 0.0000e+00
    232.917     46.000     1.4546  28.247584    32.3675    25.9006 0.0000e+00
    234.770     47.000     1.4555  28.248875    32.3677    25.9006 0.0000e+00
    236.453     48.000     1.4536  28.247583    32.3674    25.9006 0.0000e+00
    238.492     49.000     1.4525  28.247118    32.3674    25.9006 0.0000e+00
    240.760     50.000     1.4525  28.247479    32.3673    25.9006 0.0000e+00
    242.533     51.000     1.4524  28.247821    32.3673    25.9006 0.0000e+00
    244.231     52.000     1.4525  28.248362    32.3673    25.9006 0.0000e+00
    246.389     53.000     1.4526  28.248925    32.3674    25.9006 0.0000e+00
    248.541     54.000     1.4526  28.249168    32.3671    25.9004 0.0000e+00
    250.470     55.000     1.4524  28.249487    32.3672    25.9005 0.0000e+00
    252.478     56.000     1.4527  28.250232    32.3673    25.9005 0.0000e+00
    254.382     57.000     1.4526  28.250519    32.3672    25.9004 0.0000e+00
    256.405     58.000     1.4524  28.250870    32.3673    25.9005 0.0000e+00
    258.428     59.000     1.4523  28.251200    32.3672    25.9005 0.0000e+00
    260.391     60.000     1.4522  28.251599    32.3673    25.9006 0.0000e+00
    262.230     61.000     1.4520  28.251768    32.3672    25.9005 0.0000e+00
    264.910     62.000     1.4521  28.252356    32.3672    25.9005 0.0000e+00
    274.725     63.000     1.4526  28.253180    32.3672    25.9005 0.0000e+00
    276.717     62.000     1.4523  28.252431    32.3671    25.9004 0.0000e+00
    278.711     61.000     1.4519  28.251684    32.3672    25.9005 0.0000e+00
    282.931     60.000     1.4517  28.250993    32.3670    25.9004 0.0000e+00
    284.635     59.000     1.4518  28.250707    32.3671    25.9005 0.0000e+00
    289.958     58.000     1.4514  28.249890    32.3671    25.9004 0.0000e+00
    294.308     57.000     1.4526  28.250643    32.3673    25.9006 0.0000e+00
    299.499     56.000     1.4532  28.250653    32.3673    25.9005 0.0000e+00
    302.392     55.000     1.4521  28.249207    32.3671    25.9004 0.0000e+00
    307.320     54.000     1.4512  28.247885    32.3670    25.9004 0.0000e+00
    309.555     53.000     1.4506  28.246925    32.3669    25.9004 0.0000e+00
    314.411     52.000     1.4503  28.246292    32.3670    25.9004 0.0000e+00
    317.858     51.000     1.4505  28.246041    32.3670    25.9004 0.0000e+00
    321.433     50.000     1.4500  28.245173    32.3670    25.9005 0.0000e+00
    325.287     49.000     1.4495  28.244222    32.3669    25.9004 0.0000e+00
    328.275     48.000     1.4494  28.243693    32.3669    25.9004 0.0000e+00
    331.113     47.000     1.4499  28.243682    32.3669    25.9004 0.0000e+00
    335.086     46.000     1.4522  28.245370    32.3672    25.9005 0.0000e+00
    337.884     45.000     1.4545  28.247026    32.3675    25.9005 0.0000e+00
    341.560     44.000     1.4600  28.251297    32.3677    25.9004 0.0000e+00
    344.954     43.000     1.4609  28.251618    32.3678    25.9004 0.0000e+00
    348.389     42.000     1.4597  28.250096    32.3676    25.9003 0.0000e+00
    352.182     41.000     1.4610  28.250741    32.3677    25.9003 0.0000e+00
    355.703     40.000     1.4637  28.252762    32.3680    25.9004 0.0000e+00
    359.363     39.000     1.4658  28.254178    32.3682    25.9004 0.0000e+00
    363.230     38.000     1.4618  28.250211    32.3678    25.9004 0.0000e+00
    366.161     37.000     1.4637  28.251451    32.3680    25.9004 0.0000e+00
    370.293     36.000     1.4600  28.247961    32.3680    25.9006 0.0000e+00
    373.169     35.000     1.4613  28.248468    32.3678    25.9004 0.0000e+00
    376.940     34.000     1.4626  28.248971    32.3677    25.9002 0.0000e+00
    381.107     33.000     1.4596  28.245998    32.3676    25.9003 0.0000e+00
    385.605     32.000     1.4604  28.246306    32.3677    25.9003 0.0000e+00
    390.252     31.000     1.4609  28.246318    32.3677    25.9003 0.0000e+00
    393.656     30.000     1.4608  28.245840    32.3678    25.9004 0.0000e+00
    397.225     29.000     1.4634  28.247737    32.3681    25.9004 0.0000e+00
    400.242     28.000     1.4692  28.252002    32.3680    25.9000 0.0000e+00
    403.919     27.000     1.4787  28.259144    32.3678    25.8992 0.0000e+00
    407.024     26.000     1.5134  28.287364    32.3682    25.8972 0.0000e+00
    411.196     25.000     1.5547  28.321014    32.3686    25.8948 0.0000e+00
    415.144     24.000     1.6167  28.371567    32.3689    25.8910 0.0000e+00
    421.030     23.000     1.6927  28.433415    32.3690    25.8859 0.0000e+00
    424.282     22.000     1.8595  28.570458    32.3700    25.8750 0.0000e+00
    428.728     21.000     1.9533  28.646544    32.3694    25.8679 0.0000e+00
    431.270     20.000     2.0160  28.698239    32.3702    25.8640 0.0000e+00
    436.076     19.000     2.0570  28.731649    32.3704    25.8611 0.0000e+00
    439.251     18.000     2.0593  28.733443    32.3708    25.8613 0.0000e+00
    443.887     17.000     2.0665  28.739229    32.3712    25.8611 0.0000e+00
    448.905     16.000     2.0756  28.746581    32.3716    25.8607 0.0000e+00
    453.613     15.000     2.0836  28.752979    32.3719    25.8604 0.0000e+00
    458.175     14.000     2.0871  28.755346    32.3718    25.8601 0.0000e+00
    461.949     13.000     2.1001  28.765912    32.3722    25.8594 0.0000e+00
    465.421     12.000     2.1381  28.797160    32.3727    25.8570 0.0000e+00
    469.626     11.000     2.1836  28.834961    32.3737    25.8544 0.0000e+00
    473.746     10.000     2.2156  28.861760    32.3748    25.8529 0.0000e+00
    479.027      9.000     2.2462  28.887098    32.3755    25.8512 0.0000e+00
    482.986      8.000     2.3022  28.934424    32.3775    25.8485 0.0000e+00
    487.033      7.000     2.3352  28.962006    32.3785    25.8468 0.0000e+00
    491.265      6.000     2.3675  28.988642    32.3791    25.8447 0.0000e+00
    495.000      5.000     2.4203  29.032585    32.3801    25.8414 0.0000e+00
    498.919      4.000     2.4154  29.028067    32.3800    25.8418 0.0000e+00
    502.658      3.000     2.4134  29.026175    32.3803    25.8421 0.0000e+00
    506.654      2.000     2.4313  29.040720    32.3806    25.8409 0.0000e+00
    516.852      1.000     2.4246  28.991713    32.3276    25.7991 0.0000e+00
