data/seacat/current/bon047.cnv
* Sea-Bird SBE 19plus Data File:
* FileName = C:\Sea-Bird Data\2014\DY1405\Casts\BON047.hex
* Software Version Seasave V 7.22.3
* Temperature SN = 4530
* Conductivity SN = 4530
* System UpLoad Time = May 16 2014 08:13:56
* Real-Time Sample Interval = 0.2500 seconds
* System UTC = May 16 2014 08:13:56
# nquan = 7                                 
# nvalues = 609                         
# units = specified
# name 0 = timeS: Time, Elapsed [seconds]
# name 1 = prdM: Pressure, Strain Gauge [db]
# name 2 = tv290C: Temperature [ITS-90, deg C]
# name 3 = c0mS/cm: Conductivity [mS/cm]
# name 4 = sal00: Salinity, Practical [PSU]
# name 5 = sigma-t00: Density [sigma-t, Kg/m^3 ]
# name 6 = flag: flag
# span 0 =    562.720,   2360.662       
# span 1 =      1.000,    305.000       
# span 2 =     3.5690,     6.6865       
# span 3 =  27.899866,  32.869729       
# span 4 =    27.5407,    33.6907       
# span 5 =    21.6299,    26.7564       
# span 6 = 0.0000e+00, 0.0000e+00       
# interval = decibars: 1                
# start_time = May 16 2014 08:13:56 [System UTC, header]
# bad_flag = -9.990e-29
*END*
[from data line 206]
    977.238    207.000     3.8692  31.241138    33.4643    26.5776 0.0000e+00
    979.268    208.000     3.8701  31.245003    33.4674    26.5801 0.0000e+00
    981.359    209.000     3.8705  31.248962    33.4712    26.5830 0.0000e+00
    983.252    210.000     3.8703  31.250218    33.4723    26.5840 0.0000e+00
    985.096    211.000     3.8698  31.250088    33.4722    26.5839 0.0000e+00
    986.901    212.000     3.8703  31.252381    33.4739    26.5852 0.0000e+00
    988.794    213.000     3.8715  31.257016    33.4776    26.5880 0.0000e+00
    990.630    214.000     3.8722  31.259832    33.4797    26.5896 0.0000e+00
    992.360    215.000     3.8729  31.262249    33.4813    26.5909 0.0000e+00
    994.187    216.000     3.8736  31.264469    33.4827    26.5919 0.0000e+00
    995.976    217.000     3.8747  31.268396    33.4857    26.5942 0.0000e+00
    997.759    218.000     3.8757  31.272069    33.4885    26.5963 0.0000e+00
    999.659    219.000     3.8772  31.278626    33.4943    26.6007 0.0000e+00
   1001.465    220.000     3.8779  31.282271    33.4973    26.6031 0.0000e+00
   1003.236    221.000     3.8795  31.288341    33.5024    26.6069 0.0000e+00
   1005.071    222.000     3.8819  31.296176    33.5087    26.6117 0.0000e+00
   1007.056    223.000     3.8829  31.299755    33.5114    26.6138 0.0000e+00
   1009.040    224.000     3.8832  31.301147    33.5122    26.6144 0.0000e+00
   1010.897    225.000     3.8836  31.302343    33.5127    26.6147 0.0000e+00
   1012.747    226.000     3.8842  31.304143    33.5137    26.6155 0.0000e+00
   1014.558    227.000     3.8846  31.306123    33.5151    26.6166 0.0000e+00
   1016.448    228.000     3.8850  31.308442    33.5169    26.6180 0.0000e+00
   1018.437    229.000     3.8855  31.310143    33.5179    26.6187 0.0000e+00
   1020.382    230.000     3.8863  31.312619    33.5195    26.6199 0.0000e+00
   1022.170    231.000     3.8869  31.314234    33.5203    26.6204 0.0000e+00
   1024.004    232.000     3.8893  31.319240    33.5232    26.6226 0.0000e+00
   1025.878    233.000     3.8934  31.328092    33.5290    26.6267 0.0000e+00
   1027.722    234.000     3.8968  31.335748    33.5341    26.6304 0.0000e+00
   1029.613    235.000     3.8999  31.342363    33.5382    26.6334 0.0000e+00
   1031.549    236.000     3.9026  31.347783    33.5414    26.6356 0.0000e+00
   1033.328    237.000     3.9048  31.353477    33.5453    26.6386 0.0000e+00
   1035.115    238.000     3.9042  31.356897    33.5495    26.6419 0.0000e+00
   1037.104    239.000     3.9034  31.358131    33.5512    26.6434 0.0000e+00
   1038.993    240.000     3.9038  31.360435    33.5530    26.6448 0.0000e+00
   1040.781    241.000     3.9064  31.367674    33.5584    26.6488 0.0000e+00
   1042.574    242.000     3.9091  31.374597    33.5633    26.6525 0.0000e+00
   1044.316    243.000     3.9099  31.378811    33.5670    26.6553 0.0000e+00
   1046.149    244.000     3.9101  31.380654    33.5684    26.6564 0.0000e+00
   1048.053    245.000     3.9103  31.382748    33.5702    26.6578 0.0000e+00
   1049.919    246.000     3.9106  31.384507    33.5714    26.6588 0.0000e+00
   1051.829    247.000     3.9108  31.386070    33.5726    26.6597 0.0000e+00
   1053.654    248.000     3.9110  31.387149    33.5731    26.6601 0.0000e+00
   1055.529    249.000     3.9111  31.387836    33.5733    26.6602 0.0000e+00
   1057.618    250.000     3.9112  31.388534    33.5735    26.6604 0.0000e+00
   1059.649    251.000     3.9113  31.389980    33.5746    26.6612 0.0000e+00
   1061.639    252.000     3.9112  31.391635    33.5761    26.6625 0.0000e+00
   1063.640    253.000     3.9113  31.392845    33.5769    26.6631 0.0000e+00
   1065.715    254.000     3.9113  31.393792    33.5775    26.6636 0.0000e+00
   1067.603    255.000     3.9113  31.394796    33.5782    26.6641 0.0000e+00
   1069.556    256.000     3.9111  31.396375    33.5798    26.6653 0.0000e+00
   1071.358    257.000     3.9109  31.398031    33.5814    26.6667 0.0000e+00
   1073.053    258.000     3.9107  31.398990    33.5822    26.6673 0.0000e+00
   1074.809    259.000     3.9102  31.401180    33.5848    26.6695 0.0000e+00
   1076.581    260.000     3.9092  31.404786    33.5896    26.6733 0.0000e+00
   1078.402    261.000     3.9080  31.408038    33.5941    26.6771 0.0000e+00
   1080.260    262.000     3.9066  31.412119    33.5999    26.6818 0.0000e+00
   1082.058    263.000     3.9057  31.415154    33.6039    26.6851 0.0000e+00
   1083.885    264.000     3.9053  31.417177    33.6062    26.6869 0.0000e+00
   1086.030    265.000     3.9051  31.419012    33.6080    26.6884 0.0000e+00
   1088.130    266.000     3.9050  31.420442    33.6093    26.6895 0.0000e+00
   1090.080    267.000     3.9049  31.421543    33.6102    26.6902 0.0000e+00
   1092.104    268.000     3.9047  31.422919    33.6115    26.6912 0.0000e+00
   1094.059    269.000     3.9044  31.425013    33.6137    26.6931 0.0000e+00
   1096.075    270.000     3.9039  31.427250    33.6164    26.6952 0.0000e+00
   1098.012    271.000     3.9035  31.429217    33.6186    26.6970 0.0000e+00
   1099.791    272.000     3.9031  31.431108    33.6207    26.6988 0.0000e+00
   1101.579    273.000     3.9027  31.434045    33.6241    26.7015 0.0000e+00
   1103.440    274.000     3.9021  31.437275    33.6280    26.7046 0.0000e+00
   1105.315    275.000     3.9016  31.439690    33.6309    26.7070 0.0000e+00
   1107.146    276.000     3.9012  31.442331    33.6339    26.7094 0.0000e+00
   1108.913    277.000     3.9011  31.445183    33.6368    26.7118 0.0000e+00
   1110.688    278.000     3.9010  31.447337    33.6390    26.7135 0.0000e+00
   1112.510    279.000     3.9008  31.450795    33.6428    26.7165 0.0000e+00
   1114.338    280.000     3.9005  31.454768    33.6472    26.7201 0.0000e+00
   1116.139    281.000     3.9000  31.459429    33.6528    26.7245 0.0000e+00
   1117.844    282.000     3.8994  31.463159    33.6573    26.7282 0.0000e+00
   1119.585    283.000     3.8989  31.464592    33.6590    26.7296 0.0000e+00
   1121.389    284.000     3.8980  31.466242    33.6613    26.7316 0.0000e+00
   1123.227    285.000     3.8969  31.467883    33.6639    26.7337 0.0000e+00
   1125.116    286.000     3.8953  31.469536    33.6669    26.7363 0.0000e+00
   1126.945    287.000     3.8947  31.470354    33.6680    26.7372 0.0000e+00
   1128.750    288.000     3.8944  31.470981    33.6685    26.7377 0.0000e+00
   1130.605    289.000     3.8935  31.471975    33.6701    26.7390 0.0000e+00
   1132.398    290.000     3.8926  31.472947    33.6717    26.7403 0.0000e+00
   1134.338    291.000     3.8919  31.473652    33.6727    26.7412 0.0000e+00
   1136.310    292.000     3.8913  31.474408    33.6737    26.7421 0.0000e+00
   1138.150    293.000     3.8911  31.475120    33.6742    26.7425 0.0000e+00
   1139.931    294.000     3.8909  31.475734    33.6746    26.7428 0.0000e+00
   1141.678    295.000     3.8907  31.476555    33.6753    26.7434 0.0000e+00
   1143.398    296.000     3.8905  31.477315    33.6759    26.7439 0.0000e+00
   1145.085    297.000     3.8901  31.478186    33.6768    26.7446 0.0000e+00
   1146.809    298.000     3.8896  31.479270    33.6781    26.7457 0.0000e+00
   1148.429    299.000     3.8879  31.481149    33.6815    26.7486 0.0000e+00
   1150.077    300.000     3.8854  31.483583    33.6864    26.7528 0.0000e+00
   1151.763    301.000     3.8845  31.484952    33.6885    26.7545 0.0000e+00
   1153.504    302.000     3.8840  31.486059    33.6898    26.7556 0.0000e+00
   1155.265    303.000     3.8838  31.486611    33.6901    26.7559 0.0000e+00
   1157.012    304.000     3.8837  31.487250    33.6904    26.7562 0.0000e+00
   1164.695    305.000     3.8837  31.487890    33.6907    26.7563 0.0000e+00
   1170.910    304.000     3.8836  31.487417    33.6907    26.7564 0.0000e+00
   1173.381    303.000     3.8837  31.486796    33.6904    26.7561 0.0000e+00
   1176.221    302.000     3.8837  31.486073    33.6901    26.7559 0.0000e+00
   1178.807    301.000     3.8838  31.485440    33.6898    26.7556 0.0000e+00
   1181.183    300.000     3.8845  31.484266    33.6882    26.7543 0.0000e+00
   1183.739    299.000     3.8861  31.482059    33.6844    26.7511 0.0000e+00
   1186.515    298.000     3.8888  31.479412    33.6790    26.7466 0.0000e+00
   1189.068    297.000     3.8902  31.477970    33.6764    26.7443 0.0000e+00
   1191.664    296.000     3.8906  31.476846    33.6752    26.7433 0.0000e+00
   1194.583    295.000     3.8908  31.476059    33.6746    26.7428 0.0000e+00
   1197.577    294.000     3.8910  31.475323    33.6740    26.7424 0.0000e+00
   1200.208    293.000     3.8911  31.474826    33.6739    26.7422 0.0000e+00
   1203.160    292.000     3.8914  31.474084    33.6732    26.7417 0.0000e+00
   1205.918    291.000     3.8916  31.473492    33.6728    26.7413 0.0000e+00
   1208.734    290.000     3.8918  31.472814    33.6723    26.7409 0.0000e+00
   1211.346    289.000     3.8921  31.472171    33.6718    26.7405 0.0000e+00
   1213.854    288.000     3.8930  31.471259    33.6703    26.7392 0.0000e+00
   1216.181    287.000     3.8939  31.470298    33.6688    26.7379 0.0000e+00
   1218.660    286.000     3.8950  31.469225    33.6669    26.7363 0.0000e+00
   1221.200    285.000     3.8957  31.468229    33.6655    26.7351 0.0000e+00
   1223.749    284.000     3.8969  31.467013    33.6634    26.7333 0.0000e+00
   1226.679    283.000     3.8977  31.465807    33.6616    26.7318 0.0000e+00
   1229.539    282.000     3.8985  31.464150    33.6594    26.7300 0.0000e+00
   1232.615    281.000     3.8996  31.462242    33.6565    26.7276 0.0000e+00
   1235.546    280.000     3.9001  31.460610    33.6546    26.7260 0.0000e+00
   1238.404    279.000     3.9003  31.457936    33.6517    26.7237 0.0000e+00
   1241.260    278.000     3.9008  31.452578    33.6454    26.7186 0.0000e+00
   1243.998    277.000     3.9010  31.449274    33.6418    26.7157 0.0000e+00
   1246.583    276.000     3.9011  31.446917    33.6394    26.7138 0.0000e+00
   1248.954    275.000     3.9013  31.444942    33.6374    26.7122 0.0000e+00
   1251.571    274.000     3.9014  31.442314    33.6347    26.7100 0.0000e+00
   1254.269    273.000     3.9015  31.439631    33.6319    26.7078 0.0000e+00
   1256.959    272.000     3.9018  31.437721    33.6299    26.7062 0.0000e+00
   1259.517    271.000     3.9020  31.435564    33.6277    26.7044 0.0000e+00
   1262.155    270.000     3.9024  31.433492    33.6253    26.7025 0.0000e+00
   1264.560    269.000     3.9026  31.431314    33.6231    26.7007 0.0000e+00
   1267.130    268.000     3.9031  31.428546    33.6198    26.6980 0.0000e+00
   1269.612    267.000     3.9035  31.426787    33.6178    26.6964 0.0000e+00
   1271.995    266.000     3.9037  31.425692    33.6168    26.6956 0.0000e+00
   1274.601    265.000     3.9037  31.424373    33.6158    26.6948 0.0000e+00
   1277.327    264.000     3.9039  31.423139    33.6147    26.6938 0.0000e+00
   1279.983    263.000     3.9040  31.421713    33.6134    26.6928 0.0000e+00
   1282.521    262.000     3.9043  31.419773    33.6113    26.6911 0.0000e+00
   1285.321    261.000     3.9045  31.417532    33.6090    26.6893 0.0000e+00
   1288.121    260.000     3.9047  31.415489    33.6069    26.6876 0.0000e+00
   1290.912    259.000     3.9050  31.413801    33.6051    26.6861 0.0000e+00
   1293.654    258.000     3.9054  31.411874    33.6029    26.6843 0.0000e+00
   1296.532    257.000     3.9058  31.410143    33.6010    26.6828 0.0000e+00
   1299.312    256.000     3.9061  31.408765    33.5996    26.6816 0.0000e+00
   1302.017    255.000     3.9065  31.406513    33.5970    26.6795 0.0000e+00
   1304.951    254.000     3.9073  31.404179    33.5939    26.6770 0.0000e+00
   1307.839    253.000     3.9088  31.399598    33.5875    26.6717 0.0000e+00
   1310.639    252.000     3.9095  31.396964    33.5842    26.6690 0.0000e+00
   1313.451    251.000     3.9099  31.395030    33.5820    26.6673 0.0000e+00
   1316.685    250.000     3.9106  31.392463    33.5788    26.6646 0.0000e+00
   1319.897    249.000     3.9113  31.389481    33.5750    26.6616 0.0000e+00
   1322.825    248.000     3.9115  31.388052    33.5737    26.6605 0.0000e+00
   1326.254    247.000     3.9115  31.387224    33.5732    26.6601 0.0000e+00
   1329.331    246.000     3.9115  31.386281    33.5726    26.6596 0.0000e+00
   1332.173    245.000     3.9115  31.385049    33.5717    26.6589 0.0000e+00
   1335.067    244.000     3.9114  31.384059    33.5711    26.6585 0.0000e+00
   1338.131    243.000     3.9113  31.382711    33.5702    26.6577 0.0000e+00
   1341.179    242.000     3.9111  31.380588    33.5684    26.6563 0.0000e+00
   1344.481    241.000     3.9111  31.378536    33.5665    26.6548 0.0000e+00
   1347.864    240.000     3.9110  31.377204    33.5655    26.6540 0.0000e+00
   1351.677    239.000     3.9107  31.373942    33.5625    26.6517 0.0000e+00
   1355.265    238.000     3.9102  31.369659    33.5584    26.6485 0.0000e+00
   1359.059    237.000     3.9099  31.367564    33.5568    26.6472 0.0000e+00
   1362.607    236.000     3.9083  31.363737    33.5544    26.6455 0.0000e+00
   1366.082    235.000     3.9054  31.354924    33.5475    26.6402 0.0000e+00
   1369.771    234.000     3.9052  31.351454    33.5441    26.6376 0.0000e+00
   1373.294    233.000     3.9024  31.343544    33.5381    26.6331 0.0000e+00
   1376.908    232.000     3.8982  31.334390    33.5321    26.6287 0.0000e+00
   1380.860    231.000     3.8939  31.325433    33.5264    26.6246 0.0000e+00
   1384.685    230.000     3.8913  31.318988    33.5219    26.6213 0.0000e+00
   1388.575    229.000     3.8883  31.311185    33.5163    26.6171 0.0000e+00
   1392.788    228.000     3.8864  31.307066    33.5139    26.6154 0.0000e+00
   1396.661    227.000     3.8855  31.304902    33.5127    26.6146 0.0000e+00
   1401.233    226.000     3.8848  31.303176    33.5119    26.6140 0.0000e+00
   1405.177    225.000     3.8843  31.301873    33.5114    26.6137 0.0000e+00
   1409.513    224.000     3.8840  31.300900    33.5111    26.6134 0.0000e+00
   1413.789    223.000     3.8835  31.299552    33.5105    26.6130 0.0000e+00
   1417.916    222.000     3.8828  31.297650    33.5095    26.6123 0.0000e+00
   1421.791    221.000     3.8828  31.297218    33.5095    26.6123 0.0000e+00
   1426.139    220.000     3.8821  31.294599    33.5077    26.6109 0.0000e+00
   1430.505    219.000     3.8821  31.291798    33.5049    26.6087 0.0000e+00
   1435.333    218.000     3.8821  31.289943    33.5032    26.6073 0.0000e+00
   1440.434    217.000     3.8822  31.288526    33.5019    26.6063 0.0000e+00
   1446.185    216.000     3.8819  31.283776    33.4971    26.6025 0.0000e+00
   1451.648    215.000     3.8811  31.280556    33.4947    26.6006 0.0000e+00
   1456.810    214.000     3.8801  31.278523    33.4938    26.6001 0.0000e+00
   1461.894    213.000     3.8779  31.274646    33.4920    26.5988 0.0000e+00
   1467.467    212.000     3.8770  31.271393    33.4896    26.5970 0.0000e+00
   1472.825    211.000     3.8743  31.265106    33.4854    26.5939 0.0000e+00
   1478.016    210.000     3.8738  31.263051    33.4840    26.5929 0.0000e+00
   1483.048    209.000     3.8734  31.260673    33.4821    26.5914 0.0000e+00
   1488.118    208.000     3.8726  31.257191    33.4793    26.5893 0.0000e+00
   1493.021    207.000     3.8715  31.253875    33.4770    26.5876 0.0000e+00
   1497.987    206.000     3.8708  31.251658    33.4756    26.5865 0.0000e+00
   1502.892    205.000     3.8699  31.248288    33.4731    26.5846 0.0000e+00
   1507.532    204.000     3.8686  31.243750    33.4696    26.5819 0.0000e+00
   1512.297    203.000     3.8668  31.237409    33.4644    26.5780 0.0000e+00
   1517.168    202.000     3.8649  31.231198    33.4595    26.5743 0.0000e+00
   1521.913    201.000     3.8637  31.226929    33.4562    26.5718 0.0000e+00
   1526.485    200.000     3.8623  31.222189    33.4525    26.5690 0.0000e+00
