data/seacat/current/bon004.cnv
* Sea-Bird SBE 19plus Data File:
* FileName = C:\Sea-Bird Data\2014\DY1405\Casts\BON004.hex
* Software Version Seasave V 7.22.3
* Temperature SN = 4530
* Conductivity SN = 4530
* System UpLoad Time = May 07 2014 18:24:13
* Real-Time Sample Interval = 0.2500 seconds
* System UTC = May 07 2014 18:24:13
# nquan = 7                                 
# nvalues = 287                         
# units = specified
# name 0 = timeS: Time, Elapsed [seconds]
# name 1 = prdM: Pressure, Strain Gauge [db]
# name 2 = tv290C: Temperature [ITS-90, deg C]
# name 3 = c0mS/cm: Conductivity [mS/cm]
# name 4 = sal00: Salinity, Practical [PSU]
# name 5 = sigma-t00: Density [sigma-t, Kg/m^3 ]
# name 6 = flag: flag
# span 0 =     77.711,    949.836       
# span 1 =      1.000,    144.000       
# span 2 =     4.3236,     4.5627       
# span 3 =  28.336089,  30.907850       
# span 4 =    29.6064,    32.6468       
# span 5 =    23.4558,    25.8818       
# span 6 = 0.0000e+00, 0.0000e+00       
# interval = decibars: 1                
# start_time = May 07 2014 18:24:13 [System UTC, header]
# bad_flag = -9.990e-29
*END*
[from data line 206]
    597.967     81.000     4.3415  30.842100    32.5848    25.8309 0.0000e+00
    602.943     80.000     4.3421  30.840882    32.5833    25.8297 0.0000e+00
    606.831     79.000     4.3500  30.832177    32.5658    25.8150 0.0000e+00
    611.400     78.000     4.3580  30.834728    32.5614    25.8107 0.0000e+00
    616.160     77.000     4.3687  30.842938    32.5609    25.8092 0.0000e+00
    620.209     76.000     4.3713  30.844830    32.5611    25.8090 0.0000e+00
    624.382     75.000     4.3713  30.842857    32.5593    25.8076 0.0000e+00
    628.612     74.000     4.3771  30.844269    32.5557    25.8042 0.0000e+00
    632.927     73.000     4.3821  30.847608    32.5552    25.8033 0.0000e+00
    636.684     72.000     4.3890  30.852938    32.5551    25.8025 0.0000e+00
    641.413     71.000     4.3856  30.848271    32.5535    25.8016 0.0000e+00
    645.578     70.000     4.3807  30.841381    32.5508    25.7999 0.0000e+00
    650.086     69.000     4.3840  30.841873    32.5487    25.7979 0.0000e+00
    654.035     68.000     4.3912  30.845052    32.5458    25.7949 0.0000e+00
    658.367     67.000     4.3988  30.848052    32.5423    25.7913 0.0000e+00
    662.434     66.000     4.4046  30.850062    32.5394    25.7884 0.0000e+00
    667.003     65.000     4.4187  30.857172    32.5343    25.7829 0.0000e+00
    670.952     64.000     4.4305  30.864066    32.5312    25.7792 0.0000e+00
    675.127     63.000     4.4336  30.864061    32.5287    25.7769 0.0000e+00
    679.500     62.000     4.4365  30.858484    32.5198    25.7696 0.0000e+00
    684.971     61.000     4.4403  30.852639    32.5098    25.7612 0.0000e+00
    688.760     60.000     4.4484  30.850091    32.4993    25.7521 0.0000e+00
    693.381     59.000     4.4518  30.849714    32.4961    25.7491 0.0000e+00
    697.801     58.000     4.4549  30.849742    32.4936    25.7468 0.0000e+00
    702.462     57.000     4.4617  30.850679    32.4885    25.7421 0.0000e+00
    707.348     56.000     4.4814  30.855229    32.4749    25.7292 0.0000e+00
    711.793     55.000     4.4872  30.856550    32.4712    25.7257 0.0000e+00
    716.427     54.000     4.5088  30.863900    32.4591    25.7138 0.0000e+00
    721.588     53.000     4.5360  30.876213    32.4472    25.7016 0.0000e+00
    725.687     52.000     4.5411  30.879074    32.4460    25.7001 0.0000e+00
    729.263     51.000     4.5436  30.879648    32.4447    25.6988 0.0000e+00
    734.060     50.000     4.5461  30.879536    32.4427    25.6969 0.0000e+00
    737.144     49.000     4.5488  30.880257    32.4414    25.6956 0.0000e+00
    740.678     48.000     4.5495  30.880530    32.4415    25.6956 0.0000e+00
    744.113     47.000     4.5497  30.880260    32.4415    25.6956 0.0000e+00
    747.429     46.000     4.5537  30.881596    32.4396    25.6937 0.0000e+00
    750.112     45.000     4.5531  30.880711    32.4397    25.6938 0.0000e+00
    753.987     44.000     4.5504  30.879367    32.4413    25.6954 0.0000e+00
    756.549     43.000     4.5527  30.879558    32.4398    25.6939 0.0000e+00
    760.010     42.000     4.5563  30.880393    32.4377    25.6919 0.0000e+00
    763.079     41.000     4.5581  30.880602    32.4367    25.6909 0.0000e+00
    766.403     40.000     4.5596  30.879522    32.4345    25.6890 0.0000e+00
    770.043     39.000     4.5610  30.879681    32.4338    25.6883 0.0000e+00
    773.157     38.000     4.5582  30.874621    32.4312    25.6865 0.0000e+00
    776.712     37.000     4.5581  30.867871    32.4239    25.6808 0.0000e+00
    780.313     36.000     4.5608  30.862318    32.4153    25.6737 0.0000e+00
    783.680     35.000     4.5612  30.861490    32.4145    25.6730 0.0000e+00
    787.632     34.000     4.5618  30.859752    32.4124    25.6713 0.0000e+00
    791.177     33.000     4.5624  30.856841    32.4089    25.6684 0.0000e+00
    795.312     32.000     4.5625  30.857751    32.4104    25.6696 0.0000e+00
    799.233     31.000     4.5627  30.853239    32.4055    25.6657 0.0000e+00
    803.036     30.000     4.5616  30.847538    32.4004    25.6618 0.0000e+00
    807.291     29.000     4.5619  30.847328    32.4004    25.6617 0.0000e+00
    811.151     28.000     4.5618  30.845359    32.3987    25.6604 0.0000e+00
    816.049     27.000     4.5579  30.835762    32.3919    25.6554 0.0000e+00
    820.049     26.000     4.5490  30.815315    32.3773    25.6448 0.0000e+00
    825.127     25.000     4.5410  30.799461    32.3673    25.6376 0.0000e+00
    829.758     24.000     4.5385  30.794002    32.3639    25.6352 0.0000e+00
    835.161     23.000     4.5378  30.791165    32.3618    25.6336 0.0000e+00
    839.893     22.000     4.5369  30.788063    32.3596    25.6319 0.0000e+00
    844.717     21.000     4.5358  30.784164    32.3566    25.6297 0.0000e+00
    849.826     20.000     4.5366  30.784819    32.3571    25.6300 0.0000e+00
    855.270     19.000     4.5355  30.779978    32.3530    25.6269 0.0000e+00
    861.199     18.000     4.5347  30.776703    32.3505    25.6250 0.0000e+00
    866.756     17.000     4.5350  30.776012    32.3499    25.6245 0.0000e+00
    873.266     16.000     4.5318  30.762061    32.3374    25.6149 0.0000e+00
    877.774     15.000     4.5322  30.762632    32.3381    25.6154 0.0000e+00
    882.596     14.000     4.5301  30.750006    32.3260    25.6060 0.0000e+00
    887.335     13.000     4.5287  30.737501    32.3134    25.5961 0.0000e+00
    892.496     12.000     4.5262  30.712623    32.2874    25.5758 0.0000e+00
    895.869     11.000     4.5248  30.698599    32.2730    25.5645 0.0000e+00
    899.739     10.000     4.5241  30.691048    32.2654    25.5585 0.0000e+00
    904.053      9.000     4.5237  30.685027    32.2593    25.5537 0.0000e+00
    907.885      8.000     4.5239  30.679407    32.2530    25.5488 0.0000e+00
    911.564      7.000     4.5249  30.668044    32.2394    25.5378 0.0000e+00
    914.841      6.000     4.5255  30.662750    32.2331    25.5328 0.0000e+00
    920.088      5.000     4.5277  30.647625    32.2139    25.5173 0.0000e+00
    923.554      4.000     4.5284  30.644670    32.2103    25.5144 0.0000e+00
    933.851      3.000     4.5307  30.640885    32.2042    25.5093 0.0000e+00
    949.836      2.000     4.5317  30.631582    32.1929    25.5002 0.0000e+00
    949.732      1.000     4.5310  29.212696    30.5506    24.1975 0.0000e+00
