data/seacat/current/bon048.cnv
* Sea-Bird SBE 19plus Data File:
* FileName = C:\Sea-Bird Data\2014\DY1405\Casts\BON048.hex
* Software Version Seasave V 7.22.3
* Temperature SN = 4530
* Conductivity SN = 4530
* System UpLoad Time = May 16 2014 11:44:36
* Real-Time Sample Interval = 0.2500 seconds
* System UTC = May 16 2014 11:44:36
# nquan = 7                                 
# nvalues = 607                         
# units = specified
# name 0 = timeS: Time, Elapsed [seconds]
# name 1 = prdM: Pressure, Strain Gauge [db]
# name 2 = tv290C: Temperature [ITS-90, deg C]
# name 3 = c0mS/cm: Conductivity [mS/cm]
# name 4 = sal00: Salinity, Practical [PSU]
# name 5 = sigma-t00: Density [sigma-t, Kg/m^3 ]
# name 6 = flag: flag
# span 0 =    328.380,   2110.946       
# span 1 =      1.000,    304.000       
# span 2 =     3.4152,     6.1602       
# span 3 =  27.111587,  32.319205       
# span 4 =    27.0350,    33.5872       
# span 5 =    21.2798,    26.6701       
# span 6 = 0.0000e+00, 0.0000e+00       
# interval = decibars: 1                
# start_time = May 16 2014 11:44:36 [System UTC, header]
# bad_flag = -9.990e-29
*END*
[from data line 411]
   1244.422    196.000     3.6665  30.863410    33.2277    26.4092 0.0000e+00
   1250.396    195.000     3.6561  30.851483    33.2246    26.4077 0.0000e+00
   1255.583    194.000     3.6517  30.846175    33.2233    26.4071 0.0000e+00
   1260.643    193.000     3.6350  30.827032    33.2180    26.4045 0.0000e+00
   1265.486    192.000     3.6132  30.803471    33.2127    26.4023 0.0000e+00
   1270.438    191.000     3.6008  30.789275    33.2089    26.4004 0.0000e+00
   1275.368    190.000     3.5894  30.776525    33.2058    26.3991 0.0000e+00
   1279.991    189.000     3.5899  30.776264    33.2055    26.3988 0.0000e+00
   1285.001    188.000     3.5904  30.776120    33.2054    26.3986 0.0000e+00
   1289.462    187.000     3.5920  30.776798    33.2051    26.3982 0.0000e+00
   1294.281    186.000     3.5906  30.774596    33.2044    26.3978 0.0000e+00
   1298.743    185.000     3.5823  30.765213    33.2022    26.3969 0.0000e+00
   1303.047    184.000     3.5783  30.760152    33.2007    26.3961 0.0000e+00
   1307.721    183.000     3.5799  30.760901    33.2005    26.3958 0.0000e+00
   1312.421    182.000     3.5815  30.760755    33.1992    26.3946 0.0000e+00
   1317.743    181.000     3.5632  30.740483    33.1942    26.3923 0.0000e+00
   1322.809    180.000     3.5358  30.710355    33.1866    26.3889 0.0000e+00
   1328.191    179.000     3.5224  30.694838    33.1823    26.3867 0.0000e+00
   1333.374    178.000     3.5094  30.680546    33.1790    26.3853 0.0000e+00
   1338.759    177.000     3.4911  30.659941    33.1735    26.3826 0.0000e+00
   1343.377    176.000     3.4823  30.649866    33.1709    26.3814 0.0000e+00
   1348.108    175.000     3.4810  30.646808    33.1691    26.3801 0.0000e+00
   1352.965    174.000     3.4855  30.649811    33.1687    26.3793 0.0000e+00
   1359.298    173.000     3.4880  30.650110    33.1670    26.3777 0.0000e+00
   1365.136    172.000     3.4839  30.643762    33.1641    26.3758 0.0000e+00
   1370.768    171.000     3.4598  30.619105    33.1597    26.3745 0.0000e+00
   1376.168    170.000     3.4514  30.609584    33.1574    26.3735 0.0000e+00
   1381.737    169.000     3.4444  30.602652    33.1567    26.3736 0.0000e+00
   1387.985    168.000     3.4345  30.591943    33.1545    26.3728 0.0000e+00
   1394.052    167.000     3.4350  30.591054    33.1535    26.3719 0.0000e+00
   1401.081    166.000     3.4416  30.595803    33.1530    26.3709 0.0000e+00
   1408.464    165.000     3.4407  30.592474    33.1504    26.3689 0.0000e+00
   1415.779    164.000     3.4411  30.590657    33.1484    26.3673 0.0000e+00
   1422.297    163.000     3.4600  30.606333    33.1484    26.3655 0.0000e+00
   1428.457    162.000     3.4669  30.611193    33.1477    26.3644 0.0000e+00
   1433.957    161.000     3.4781  30.619620    33.1469    26.3627 0.0000e+00
   1439.002    160.000     3.4820  30.621020    33.1451    26.3609 0.0000e+00
   1444.264    159.000     3.4825  30.619365    33.1432    26.3593 0.0000e+00
   1448.816    158.000     3.4725  30.607133    33.1393    26.3571 0.0000e+00
   1452.680    157.000     3.4764  30.608215    33.1371    26.3550 0.0000e+00
   1456.468    156.000     3.4830  30.612027    33.1355    26.3531 0.0000e+00
   1460.287    155.000     3.4941  30.620728    33.1351    26.3518 0.0000e+00
   1463.834    154.000     3.5092  30.632410    33.1342    26.3496 0.0000e+00
   1467.434    153.000     3.5168  30.636117    33.1315    26.3467 0.0000e+00
   1471.503    152.000     3.5131  30.630169    33.1286    26.3448 0.0000e+00
   1475.214    151.000     3.5167  30.632388    33.1282    26.3441 0.0000e+00
   1479.606    150.000     3.5255  30.639303    33.1280    26.3431 0.0000e+00
   1483.899    149.000     3.5318  30.643964    33.1277    26.3423 0.0000e+00
   1487.629    148.000     3.5354  30.646446    33.1275    26.3418 0.0000e+00
   1491.107    147.000     3.5419  30.651158    33.1271    26.3409 0.0000e+00
   1494.733    146.000     3.5554  30.662118    33.1269    26.3395 0.0000e+00
   1497.928    145.000     3.5788  30.681784    33.1272    26.3375 0.0000e+00
   1501.112    144.000     3.6086  30.707081    33.1276    26.3350 0.0000e+00
   1504.379    143.000     3.6524  30.744514    33.1282    26.3313 0.0000e+00
   1507.686    142.000     3.6747  30.762897    33.1280    26.3290 0.0000e+00
   1510.477    141.000     3.6785  30.765759    33.1281    26.3287 0.0000e+00
   1514.108    140.000     3.6879  30.772778    33.1274    26.3273 0.0000e+00
   1517.312    139.000     3.7112  30.789922    33.1247    26.3229 0.0000e+00
   1521.346    138.000     3.7234  30.797698    33.1221    26.3196 0.0000e+00
   1525.139    137.000     3.7249  30.797396    33.1208    26.3184 0.0000e+00
   1528.260    136.000     3.7291  30.797866    33.1176    26.3155 0.0000e+00
   1531.422    135.000     3.7358  30.799887    33.1137    26.3117 0.0000e+00
   1534.720    134.000     3.7385  30.800488    33.1122    26.3103 0.0000e+00
   1537.788    133.000     3.7391  30.800281    33.1119    26.3100 0.0000e+00
   1541.303    132.000     3.7400  30.799982    33.1111    26.3093 0.0000e+00
   1545.039    131.000     3.7407  30.799451    33.1103    26.3086 0.0000e+00
   1549.314    130.000     3.7415  30.798879    33.1094    26.3077 0.0000e+00
   1552.930    129.000     3.7440  30.797810    33.1061    26.3049 0.0000e+00
   1556.100    128.000     3.7461  30.796774    33.1032    26.3024 0.0000e+00
   1559.105    127.000     3.7499  30.797052    33.1002    26.2996 0.0000e+00
   1562.892    126.000     3.7546  30.797879    33.0970    26.2966 0.0000e+00
   1566.852    125.000     3.7600  30.799486    33.0939    26.2937 0.0000e+00
   1570.949    124.000     3.7692  30.803432    33.0898    26.2895 0.0000e+00
   1574.944    123.000     3.7742  30.806951    33.0895    26.2887 0.0000e+00
   1578.734    122.000     3.7789  30.810350    33.0893    26.2881 0.0000e+00
   1582.446    121.000     3.7886  30.815786    33.0864    26.2849 0.0000e+00
   1586.388    120.000     3.7962  30.819644    33.0838    26.2821 0.0000e+00
   1590.183    119.000     3.8042  30.822846    33.0801    26.2783 0.0000e+00
   1594.148    118.000     3.8058  30.822831    33.0790    26.2773 0.0000e+00
   1598.221    117.000     3.8068  30.822610    33.0782    26.2766 0.0000e+00
   1601.904    116.000     3.8081  30.822603    33.0774    26.2758 0.0000e+00
   1606.381    115.000     3.8107  30.823254    33.0761    26.2745 0.0000e+00
   1610.522    114.000     3.8139  30.824169    33.0744    26.2729 0.0000e+00
   1614.474    113.000     3.8159  30.824783    33.0737    26.2721 0.0000e+00
   1618.927    112.000     3.8155  30.824143    33.0738    26.2723 0.0000e+00
   1623.117    111.000     3.8158  30.823916    33.0738    26.2722 0.0000e+00
   1627.363    110.000     3.8160  30.823513    33.0736    26.2721 0.0000e+00
   1631.961    109.000     3.8176  30.823586    33.0726    26.2711 0.0000e+00
   1636.611    108.000     3.8201  30.824143    33.0713    26.2698 0.0000e+00
   1641.186    107.000     3.8223  30.824636    33.0702    26.2687 0.0000e+00
   1645.734    106.000     3.8235  30.824779    33.0696    26.2682 0.0000e+00
   1650.268    105.000     3.8252  30.825539    33.0694    26.2678 0.0000e+00
   1654.816    104.000     3.8276  30.826424    33.0685    26.2668 0.0000e+00
   1659.099    103.000     3.8333  30.828882    33.0662    26.2644 0.0000e+00
   1663.671    102.000     3.8391  30.831254    33.0636    26.2619 0.0000e+00
   1668.109    101.000     3.8423  30.832526    33.0624    26.2606 0.0000e+00
   1672.477    100.000     3.8520  30.836951    33.0584    26.2564 0.0000e+00
   1677.151     99.000     3.8653  30.842428    33.0520    26.2500 0.0000e+00
   1681.175     98.000     3.8681  30.843019    33.0504    26.2485 0.0000e+00
   1685.763     97.000     3.8718  30.844336    33.0487    26.2468 0.0000e+00
   1689.915     96.000     3.8879  30.853041    33.0433    26.2409 0.0000e+00
   1694.090     95.000     3.8938  30.855373    33.0406    26.2382 0.0000e+00
   1698.575     94.000     3.8976  30.855065    33.0369    26.2349 0.0000e+00
   1703.100     93.000     3.9071  30.858641    33.0321    26.2301 0.0000e+00
   1707.709     92.000     3.9174  30.860886    33.0249    26.2233 0.0000e+00
   1712.150     91.000     3.9243  30.862965    33.0209    26.2195 0.0000e+00
   1716.477     90.000     3.9399  30.870959    33.0152    26.2134 0.0000e+00
   1721.175     89.000     3.9542  30.881172    33.0133    26.2105 0.0000e+00
   1725.308     88.000     3.9590  30.883131    33.0113    26.2085 0.0000e+00
   1730.017     87.000     3.9558  30.874528    33.0049    26.2037 0.0000e+00
   1734.490     86.000     3.9632  30.877667    33.0017    26.2004 0.0000e+00
   1738.952     85.000     3.9743  30.883814    32.9983    26.1966 0.0000e+00
   1743.477     84.000     3.9862  30.892520    32.9971    26.1945 0.0000e+00
   1747.644     83.000     3.9897  30.892283    32.9938    26.1915 0.0000e+00
   1751.814     82.000     3.9887  30.887176    32.9893    26.1880 0.0000e+00
   1755.746     81.000     3.9938  30.886544    32.9840    26.1832 0.0000e+00
   1759.902     80.000     3.9938  30.883659    32.9811    26.1809 0.0000e+00
   1763.663     79.000     3.9987  30.884086    32.9772    26.1773 0.0000e+00
   1767.740     78.000     4.0018  30.884092    32.9746    26.1750 0.0000e+00
   1771.515     77.000     4.0083  30.885073    32.9697    26.1705 0.0000e+00
   1775.353     76.000     4.0097  30.883835    32.9674    26.1685 0.0000e+00
   1779.029     75.000     4.0098  30.882769    32.9665    26.1678 0.0000e+00
   1782.683     74.000     4.0107  30.881169    32.9643    26.1659 0.0000e+00
   1786.035     73.000     4.0130  30.878963    32.9599    26.1622 0.0000e+00
   1789.477     72.000     4.0155  30.878103    32.9569    26.1595 0.0000e+00
   1792.988     71.000     4.0203  30.878118    32.9526    26.1556 0.0000e+00
   1796.551     70.000     4.0275  30.877655    32.9453    26.1491 0.0000e+00
   1799.805     69.000     4.0363  30.876730    32.9359    26.1408 0.0000e+00
   1803.491     68.000     4.0427  30.876728    32.9300    26.1354 0.0000e+00
   1806.738     67.000     4.0482  30.878838    32.9275    26.1329 0.0000e+00
   1809.947     66.000     4.0555  30.884075    32.9268    26.1317 0.0000e+00
   1813.498     65.000     4.0660  30.892518    32.9268    26.1306 0.0000e+00
   1816.837     64.000     4.0679  30.891946    32.9247    26.1287 0.0000e+00
   1819.903     63.000     4.0736  30.894973    32.9231    26.1269 0.0000e+00
   1823.327     62.000     4.1318  30.946043    32.9254    26.1228 0.0000e+00
   1826.790     61.000     4.2694  31.069580    32.9332    26.1151 0.0000e+00
   1829.744     60.000     4.3298  31.123503    32.9365    26.1115 0.0000e+00
   1833.343     59.000     4.3859  31.173801    32.9398    26.1083 0.0000e+00
   1836.928     58.000     4.4059  31.190609    32.9400    26.1063 0.0000e+00
   1840.110     57.000     4.4142  31.197105    32.9398    26.1053 0.0000e+00
   1843.823     56.000     4.4319  31.211201    32.9391    26.1029 0.0000e+00
   1847.235     55.000     4.4319  31.208230    32.9362    26.1006 0.0000e+00
   1850.492     54.000     4.4488  31.221113    32.9349    26.0978 0.0000e+00
   1854.159     53.000     4.4693  31.235040    32.9312    26.0927 0.0000e+00
   1857.575     52.000     4.4646  31.224919    32.9246    26.0879 0.0000e+00
   1861.152     51.000     4.4480  31.203602    32.9168    26.0835 0.0000e+00
   1864.760     50.000     4.4348  31.186120    32.9100    26.0795 0.0000e+00
   1868.573     49.000     4.4229  31.170912    32.9046    26.0765 0.0000e+00
   1872.075     48.000     4.4077  31.151734    32.8979    26.0727 0.0000e+00
   1876.031     47.000     4.3860  31.125529    32.8894    26.0683 0.0000e+00
   1879.505     46.000     4.3857  31.121981    32.8861    26.0656 0.0000e+00
   1883.760     45.000     4.4205  31.149360    32.8839    26.0603 0.0000e+00
   1887.522     44.000     4.4316  31.157655    32.8831    26.0584 0.0000e+00
   1891.633     43.000     4.4291  31.154285    32.8821    26.0580 0.0000e+00
   1895.721     42.000     4.4144  31.136283    32.8763    26.0548 0.0000e+00
   1900.049     41.000     4.3698  31.083704    32.8598    26.0464 0.0000e+00
   1904.490     40.000     4.3272  31.029705    32.8396    26.0347 0.0000e+00
   1909.278     39.000     4.3589  31.044501    32.8258    26.0205 0.0000e+00
   1914.381     38.000     4.4208  31.087284    32.8147    26.0053 0.0000e+00
   1919.588     37.000     4.4889  31.144572    32.8144    25.9979 0.0000e+00
   1924.582     36.000     4.5137  31.159419    32.8075    25.9899 0.0000e+00
   1929.638     35.000     4.5180  31.154982    32.7986    25.9823 0.0000e+00
   1934.939     34.000     4.5268  31.155676    32.7912    25.9755 0.0000e+00
   1940.534     33.000     4.5341  31.155144    32.7838    25.9689 0.0000e+00
   1946.163     32.000     4.5638  31.172911    32.7756    25.9592 0.0000e+00
   1951.753     31.000     4.5795  31.182412    32.7716    25.9544 0.0000e+00
   1957.209     30.000     4.5932  31.189720    32.7670    25.9493 0.0000e+00
   1962.632     29.000     4.6034  31.192312    32.7604    25.9430 0.0000e+00
   1967.897     28.000     4.6131  31.193441    32.7526    25.9358 0.0000e+00
   1973.168     27.000     4.6577  31.226643    32.7476    25.9271 0.0000e+00
   1978.335     26.000     4.6836  31.238074    32.7357    25.9149 0.0000e+00
   1983.562     25.000     4.6993  31.245818    32.7297    25.9084 0.0000e+00
   1988.709     24.000     4.7204  31.254634    32.7196    25.8981 0.0000e+00
   1994.032     23.000     4.7331  31.258361    32.7119    25.8907 0.0000e+00
   1999.269     22.000     4.7063  31.222192    32.6969    25.8817 0.0000e+00
   2004.376     21.000     4.6847  31.195743    32.6881    25.8770 0.0000e+00
   2009.748     20.000     4.6608  31.167743    32.6797    25.8729 0.0000e+00
   2014.336     19.000     4.6552  31.155546    32.6716    25.8671 0.0000e+00
   2019.788     18.000     4.6495  31.144545    32.6650    25.8624 0.0000e+00
   2024.880     17.000     4.6471  31.133654    32.6552    25.8549 0.0000e+00
   2030.018     16.000     4.6583  31.131601    32.6423    25.8435 0.0000e+00
   2035.018     15.000     4.6678  31.127825    32.6291    25.8320 0.0000e+00
   2039.967     14.000     4.6813  31.126234    32.6144    25.8189 0.0000e+00
   2044.535     13.000     4.7088  31.121416    32.5823    25.7905 0.0000e+00
   2049.415     12.000     4.7845  31.173943    32.5692    25.7720 0.0000e+00
   2054.126     11.000     5.2992  31.589975    32.5444    25.6953 0.0000e+00
   2058.659     10.000     5.5701  31.812714    32.5352    25.6567 0.0000e+00
   2062.826      9.000     5.7366  31.948011    32.5277    25.6311 0.0000e+00
   2067.184      8.000     5.9064  32.091022    32.5254    25.6090 0.0000e+00
   2071.513      7.000     6.0368  32.205694    32.5291    25.5960 0.0000e+00
   2076.149      6.000     6.1182  32.279390    32.5338    25.5897 0.0000e+00
   2080.771      5.000     6.1434  32.303025    32.5365    25.5887 0.0000e+00
   2085.677      4.000     6.1429  32.302871    32.5373    25.5894 0.0000e+00
   2090.544      3.000     6.1501  32.309712    32.5385    25.5895 0.0000e+00
   2104.584      2.000     6.1602  32.319205    32.5399    25.5893 0.0000e+00
   2110.946      1.000     6.1567  30.991934    31.0676    24.4280 0.0000e+00
