data/seacat/current/bon001.cnv
* Sea-Bird SBE 19plus Data File:
* FileName = C:\Sea-Bird Data\2014\DY1405\Casts\BON001.hex
* Software Version Seasave V 7.22.3
* Temperature SN = 4530
* Conductivity SN = 4530
* System UpLoad Time = May 07 2014 09:16:03
* Real-Time Sample Interval = 0.2500 seconds
* System UTC = May 07 2014 09:16:03
# nquan = 7                                 
# nvalues = 565                         
# units = specified
# name 0 = timeS: Time, Elapsed [seconds]
# name 1 = prdM: Pressure, Strain Gauge [db]
# name 2 = tv290C: Temperature [ITS-90, deg C]
# name 3 = c0mS/cm: Conductivity [mS/cm]
# name 4 = sal00: Salinity, Practical [PSU]
# name 5 = sigma-t00: Density [sigma-t, Kg/m^3 ]
# name 6 = flag: flag
# span 0 =    169.251,   1860.172       
# span 1 =      1.000,    283.000       
# span 2 =     3.6195,     4.6052       
# span 3 =  27.355762,  31.333301       
# span 4 =    28.3938,    33.4916       
# span 5 =    22.4850,    26.5953       
# span 6 = 0.0000e+00, 0.0000e+00       
# interval = decibars: 1                
# start_time = May 07 2014 09:16:03 [System UTC, header]
# bad_flag = -9.990e-29
*END*
[from data line 411]
   1226.400    154.000     3.8277  30.849403    33.0695    26.2676 0.0000e+00
   1232.327    153.000     3.8301  30.849428    33.0676    26.2659 0.0000e+00
   1236.367    152.000     3.8395  30.850670    33.0601    26.2590 0.0000e+00
   1240.899    151.000     3.8422  30.850750    33.0580    26.2571 0.0000e+00
   1246.028    150.000     3.8497  30.852341    33.0528    26.2522 0.0000e+00
   1250.220    149.000     3.8667  30.856778    33.0414    26.2415 0.0000e+00
   1254.173    148.000     3.8704  30.858147    33.0398    26.2399 0.0000e+00
   1258.498    147.000     3.8747  30.859093    33.0371    26.2373 0.0000e+00
   1262.515    146.000     3.8893  30.863744    33.0284    26.2289 0.0000e+00
   1265.821    145.000     3.8942  30.865628    33.0262    26.2267 0.0000e+00
   1270.035    144.000     3.8973  30.866558    33.0247    26.2252 0.0000e+00
   1273.249    143.000     3.8998  30.867244    33.0235    26.2240 0.0000e+00
   1276.982    142.000     3.9150  30.872483    33.0149    26.2157 0.0000e+00
   1280.896    141.000     3.9269  30.875072    33.0065    26.2078 0.0000e+00
   1283.790    140.000     3.9395  30.879623    32.9997    26.2011 0.0000e+00
   1288.141    139.000     3.9497  30.883492    32.9945    26.1960 0.0000e+00
   1290.345    138.000     3.9543  30.885020    32.9922    26.1937 0.0000e+00
   1294.870    137.000     3.9725  30.892858    32.9837    26.1851 0.0000e+00
   1297.415    136.000     3.9725  30.892666    32.9840    26.1854 0.0000e+00
   1301.597    135.000     3.9765  30.894053    32.9821    26.1835 0.0000e+00
   1304.456    134.000     3.9892  30.898206    32.9748    26.1764 0.0000e+00
   1308.292    133.000     4.0021  30.901526    32.9662    26.1683 0.0000e+00
   1310.993    132.000     4.0043  30.901096    32.9640    26.1663 0.0000e+00
   1314.878    131.000     4.0104  30.901822    32.9593    26.1620 0.0000e+00
   1317.516    130.000     4.0125  30.900998    32.9567    26.1597 0.0000e+00
   1321.159    129.000     4.0159  30.898914    32.9514    26.1551 0.0000e+00
   1324.398    128.000     4.0137  30.893507    32.9477    26.1524 0.0000e+00
   1327.399    127.000     4.0133  30.891988    32.9468    26.1518 0.0000e+00
   1331.037    126.000     4.0141  30.891436    32.9459    26.1509 0.0000e+00
   1333.832    125.000     4.0152  30.891002    32.9448    26.1500 0.0000e+00
   1336.985    124.000     4.0190  30.889950    32.9403    26.1460 0.0000e+00
   1340.514    123.000     4.0277  30.889203    32.9312    26.1379 0.0000e+00
   1343.225    122.000     4.0365  30.889028    32.9226    26.1302 0.0000e+00
   1346.541    121.000     4.0509  30.889305    32.9090    26.1180 0.0000e+00
   1349.687    120.000     4.0579  30.889719    32.9030    26.1125 0.0000e+00
   1352.904    119.000     4.0649  30.888859    32.8955    26.1058 0.0000e+00
   1356.605    118.000     4.0716  30.888752    32.8892    26.1001 0.0000e+00
   1359.540    117.000     4.0753  30.887137    32.8841    26.0957 0.0000e+00
   1363.156    116.000     4.0773  30.884332    32.8793    26.0917 0.0000e+00
   1366.615    115.000     4.0798  30.879994    32.8722    26.0858 0.0000e+00
   1370.438    114.000     4.0827  30.878143    32.8676    26.0819 0.0000e+00
   1374.189    113.000     4.0842  30.878307    32.8668    26.0811 0.0000e+00
   1377.629    112.000     4.0845  30.878021    32.8667    26.0810 0.0000e+00
   1382.741    111.000     4.0849  30.877314    32.8660    26.0804 0.0000e+00
   1386.290    110.000     4.0849  30.876360    32.8654    26.0799 0.0000e+00
   1391.327    109.000     4.0848  30.874338    32.8636    26.0785 0.0000e+00
   1395.080    108.000     4.0847  30.871771    32.8612    26.0766 0.0000e+00
   1399.079    107.000     4.0839  30.866985    32.8569    26.0732 0.0000e+00
   1403.890    106.000     4.0782  30.854630    32.8486    26.0672 0.0000e+00
   1407.663    105.000     4.0780  30.845389    32.8384    26.0591 0.0000e+00
   1412.511    104.000     4.0812  30.834329    32.8227    26.0463 0.0000e+00
   1417.289    103.000     4.0842  30.829838    32.8149    26.0398 0.0000e+00
   1422.381    102.000     4.0841  30.827303    32.8126    26.0380 0.0000e+00
   1428.293    101.000     4.0833  30.821587    32.8071    26.0337 0.0000e+00
   1434.880    100.000     4.0827  30.818553    32.8047    26.0318 0.0000e+00
   1441.033     99.000     4.0808  30.812746    32.8003    26.0285 0.0000e+00
   1447.411     98.000     4.0799  30.800852    32.7877    26.0186 0.0000e+00
   1453.228     97.000     4.0836  30.796734    32.7796    26.0118 0.0000e+00
   1459.688     96.000     4.0952  30.800742    32.7733    26.0056 0.0000e+00
   1466.009     95.000     4.1104  30.809444    32.7689    26.0006 0.0000e+00
   1472.675     94.000     4.1172  30.810503    32.7639    25.9959 0.0000e+00
   1479.795     93.000     4.1221  30.808544    32.7572    25.9901 0.0000e+00
   1485.130     92.000     4.1201  30.805736    32.7564    25.9897 0.0000e+00
   1490.878     91.000     4.1214  30.802607    32.7519    25.9860 0.0000e+00
   1496.409     90.000     4.1237  30.798436    32.7452    25.9805 0.0000e+00
   1502.688     89.000     4.1258  30.795674    32.7404    25.9764 0.0000e+00
   1506.732     88.000     4.1282  30.791360    32.7335    25.9707 0.0000e+00
   1511.473     87.000     4.1291  30.789205    32.7305    25.9683 0.0000e+00
   1516.043     86.000     4.1307  30.785767    32.7254    25.9640 0.0000e+00
   1521.592     85.000     4.1310  30.781992    32.7212    25.9607 0.0000e+00
   1526.281     84.000     4.1343  30.780470    32.7166    25.9567 0.0000e+00
   1531.228     83.000     4.1346  30.776813    32.7126    25.9534 0.0000e+00
   1536.128     82.000     4.1348  30.772307    32.7076    25.9494 0.0000e+00
   1540.799     81.000     4.1494  30.774458    32.6961    25.9388 0.0000e+00
   1544.451     80.000     4.1615  30.782887    32.6945    25.9363 0.0000e+00
   1549.334     79.000     4.1828  30.794876    32.6879    25.9290 0.0000e+00
   1553.300     78.000     4.2028  30.805148    32.6806    25.9211 0.0000e+00
   1557.060     77.000     4.2160  30.811987    32.6760    25.9161 0.0000e+00
   1561.756     76.000     4.2325  30.817999    32.6671    25.9075 0.0000e+00
   1565.749     75.000     4.2471  30.819809    32.6553    25.8966 0.0000e+00
   1569.926     74.000     4.2553  30.823657    32.6522    25.8933 0.0000e+00
   1573.326     73.000     4.2773  30.838352    32.6481    25.8878 0.0000e+00
   1577.073     72.000     4.3160  30.860810    32.6365    25.8746 0.0000e+00
   1580.893     71.000     4.3231  30.859954    32.6290    25.8679 0.0000e+00
   1584.117     70.000     4.3464  30.875709    32.6249    25.8622 0.0000e+00
   1587.776     69.000     4.4236  30.928486    32.6106    25.8430 0.0000e+00
   1591.276     68.000     4.4731  30.963484    32.6031    25.8318 0.0000e+00
   1594.766     67.000     4.4919  30.977009    32.6008    25.8281 0.0000e+00
   1598.500     66.000     4.5104  30.989521    32.5976    25.8236 0.0000e+00
   1601.943     65.000     4.5324  31.002372    32.5913    25.8163 0.0000e+00
   1605.559     64.000     4.5287  30.988558    32.5794    25.8073 0.0000e+00
   1609.256     63.000     4.5160  30.964128    32.5640    25.7964 0.0000e+00
   1613.399     62.000     4.5149  30.958430    32.5590    25.7925 0.0000e+00
   1616.636     61.000     4.5235  30.964606    32.5582    25.7910 0.0000e+00
   1620.803     60.000     4.5251  30.964245    32.5567    25.7896 0.0000e+00
   1624.528     59.000     4.5152  30.950102    32.5505    25.7858 0.0000e+00
   1628.107     58.000     4.4899  30.920438    32.5414    25.7812 0.0000e+00
   1631.860     57.000     4.4797  30.907167    32.5365    25.7784 0.0000e+00
   1635.353     56.000     4.4793  30.901621    32.5310    25.7740 0.0000e+00
   1639.282     55.000     4.4813  30.897290    32.5245    25.7686 0.0000e+00
   1642.542     54.000     4.4995  30.901252    32.5117    25.7566 0.0000e+00
   1646.542     53.000     4.5116  30.905158    32.5048    25.7499 0.0000e+00
   1650.261     52.000     4.5228  30.905216    32.4944    25.7404 0.0000e+00
   1654.614     51.000     4.5207  30.894407    32.4844    25.7327 0.0000e+00
   1658.694     50.000     4.5194  30.883219    32.4732    25.7239 0.0000e+00
   1663.501     49.000     4.5239  30.876070    32.4609    25.7137 0.0000e+00
   1667.836     48.000     4.5300  30.870257    32.4487    25.7034 0.0000e+00
   1672.490     47.000     4.5327  30.858272    32.4326    25.6903 0.0000e+00
   1676.633     46.000     4.5313  30.851074    32.4261    25.6853 0.0000e+00
   1681.695     45.000     4.5295  30.845448    32.4219    25.6821 0.0000e+00
   1685.652     44.000     4.5305  30.840040    32.4151    25.6767 0.0000e+00
   1690.773     43.000     4.5294  30.831471    32.4067    25.6701 0.0000e+00
   1695.005     42.000     4.5274  30.817586    32.3930    25.6595 0.0000e+00
   1699.672     41.000     4.5251  30.807042    32.3835    25.6522 0.0000e+00
   1704.192     40.000     4.5233  30.799438    32.3770    25.6472 0.0000e+00
   1709.210     39.000     4.5219  30.791353    32.3694    25.6413 0.0000e+00
   1713.677     38.000     4.5233  30.791043    32.3682    25.6402 0.0000e+00
   1718.636     37.000     4.5248  30.789830    32.3658    25.6382 0.0000e+00
   1723.157     36.000     4.5271  30.789969    32.3643    25.6367 0.0000e+00
   1727.803     35.000     4.5282  30.789851    32.3636    25.6360 0.0000e+00
   1732.852     34.000     4.5293  30.789796    32.3629    25.6354 0.0000e+00
   1738.310     33.000     4.5304  30.789999    32.3626    25.6350 0.0000e+00
   1743.119     32.000     4.5313  30.790188    32.3624    25.6348 0.0000e+00
   1748.440     31.000     4.5331  30.790666    32.3617    25.6341 0.0000e+00
   1752.453     30.000     4.5366  30.790711    32.3589    25.6314 0.0000e+00
   1756.607     29.000     4.5382  30.790586    32.3577    25.6303 0.0000e+00
   1760.410     28.000     4.5391  30.790614    32.3573    25.6299 0.0000e+00
   1764.227     27.000     4.5399  30.790239    32.3566    25.6293 0.0000e+00
   1768.395     26.000     4.5416  30.790682    32.3560    25.6286 0.0000e+00
   1772.102     25.000     4.5495  30.795335    32.3541    25.6263 0.0000e+00
   1776.482     24.000     4.5875  30.823072    32.3497    25.6188 0.0000e+00
   1779.268     23.000     4.5859  30.821324    32.3497    25.6190 0.0000e+00
   1783.704     22.000     4.5936  30.826994    32.3493    25.6179 0.0000e+00
   1786.289     21.000     4.5960  30.828320    32.3490    25.6174 0.0000e+00
   1790.009     20.000     4.6018  30.832630    32.3488    25.6166 0.0000e+00
   1792.882     19.000     4.6001  30.830742    32.3488    25.6168 0.0000e+00
   1795.745     18.000     4.6007  30.830839    32.3488    25.6167 0.0000e+00
   1798.486     17.000     4.6032  30.832349    32.3486    25.6163 0.0000e+00
   1802.938     16.000     4.6026  30.831634    32.3489    25.6166 0.0000e+00
   1804.172     15.000     4.6021  30.830679    32.3488    25.6166 0.0000e+00
   1808.714     14.000     4.6038  30.831620    32.3487    25.6163 0.0000e+00
   1811.478     13.000     4.6042  30.831271    32.3484    25.6161 0.0000e+00
   1815.993     12.000     4.6052  30.831908    32.3487    25.6162 0.0000e+00
   1819.236     11.000     4.6037  30.830168    32.3487    25.6163 0.0000e+00
   1823.289     10.000     4.6042  30.830153    32.3487    25.6163 0.0000e+00
   1826.409      9.000     4.6044  30.829942    32.3487    25.6163 0.0000e+00
   1830.430      8.000     4.6018  30.827537    32.3490    25.6168 0.0000e+00
   1833.442      7.000     4.6021  30.827148    32.3487    25.6165 0.0000e+00
   1837.056      6.000     4.6032  30.827428    32.3485    25.6162 0.0000e+00
   1841.151      5.000     4.5981  30.822753    32.3486    25.6168 0.0000e+00
   1844.952      4.000     4.5980  30.822193    32.3485    25.6168 0.0000e+00
   1849.639      3.000     4.6023  30.825274    32.3484    25.6162 0.0000e+00
   1854.010      2.000     4.5990  30.808941    32.3332    25.6045 0.0000e+00
   1860.172      1.000     4.5964  29.303181    30.5945    24.2258 0.0000e+00
