data/seacat/current/bon043.cnv
* Sea-Bird SBE 19plus Data File:
* FileName = C:\Sea-Bird Data\2014\DY1405\Casts\BON043.hex
* Software Version Seasave V 7.22.3
* Temperature SN = 4530
* Conductivity SN = 4530
* System UpLoad Time = May 12 2014 08:07:04
* Real-Time Sample Interval = 0.2500 seconds
* System UTC = May 12 2014 08:07:04
# nquan = 7                                 
# nvalues = 129                         
# units = specified
# name 0 = timeS: Time, Elapsed [seconds]
# name 1 = prdM: Pressure, Strain Gauge [db]
# name 2 = tv290C: Temperature [ITS-90, deg C]
# name 3 = c0mS/cm: Conductivity [mS/cm]
# name 4 = sal00: Salinity, Practical [PSU]
# name 5 = sigma-t00: Density [sigma-t, Kg/m^3 ]
# name 6 = flag: flag
# span 0 =    286.083,    702.493       
# span 1 =      1.000,     65.000       
# span 2 =    -0.9383,     0.3642       
# span 3 =  20.090497,  28.060129       
# span 4 =    23.0923,    33.8653       
# span 5 =    18.4979,    27.1974       
# span 6 = 0.0000e+00, 0.0000e+00       
# interval = decibars: 1                
# start_time = May 12 2014 08:07:04 [System UTC, header]
# bad_flag = -9.990e-29
*END*
    286.083      1.000     0.3642  20.090497    23.0923    18.4979 0.0000e+00
    290.106      2.000    -0.1466  28.060129    33.8653    27.1974 0.0000e+00
    294.824      3.000    -0.0399  26.519427    31.7113    25.4536 0.0000e+00
    298.730      4.000    -0.0016  26.496217    31.6405    25.3949 0.0000e+00
    300.900      5.000     0.1436  26.582742    31.6033    25.3584 0.0000e+00
    303.258      6.000     0.0548  26.502959    31.5899    25.3516 0.0000e+00
    304.771      7.000     0.0039  26.514170    31.6567    25.4077 0.0000e+00
    306.676      8.000     0.0239  26.595653    31.7424    25.4759 0.0000e+00
    308.925      9.000     0.0257  26.605623    31.7530    25.4844 0.0000e+00
    310.686     10.000    -0.0111  26.510733    31.6660    25.4158 0.0000e+00
    312.152     11.000    -0.0531  26.436086    31.6108    25.3731 0.0000e+00
    314.925     12.000    -0.0935  26.399702    31.6042    25.3694 0.0000e+00
    317.066     13.000    -0.1542  26.278669    31.5069    25.2935 0.0000e+00
    318.595     14.000    -0.1552  26.332782    31.5788    25.3515 0.0000e+00
    321.197     15.000    -0.1339  26.409484    31.6572    25.4140 0.0000e+00
    323.458     16.000    -0.1203  26.447518    31.6927    25.4420 0.0000e+00
    325.469     17.000    -0.0926  26.377088    31.5706    25.3423 0.0000e+00
    327.568     18.000    -0.2292  26.123110    31.3762    25.1909 0.0000e+00
    329.452     19.000    -0.2456  26.102049    31.3647    25.1823 0.0000e+00
    331.289     20.000    -0.2484  26.098971    31.3630    25.1810 0.0000e+00
    333.848     21.000    -0.2453  26.100184    31.3608    25.1791 0.0000e+00
    335.759     22.000    -0.1479  26.185726    31.3728    25.1849 0.0000e+00
    337.180     23.000    -0.1198  26.212731    31.3789    25.1887 0.0000e+00
    340.022     24.000    -0.1662  26.177392    31.3795    25.1911 0.0000e+00
    342.415     25.000    -0.2349  26.125367    31.3811    25.1951 0.0000e+00
    343.526     26.000    -0.3349  26.042707    31.3743    25.1935 0.0000e+00
    345.577     27.000    -0.4436  25.957137    31.3726    25.1961 0.0000e+00
    348.704     28.000    -0.5318  25.887211    31.3703    25.1974 0.0000e+00
    350.279     29.000    -0.5677  25.858843    31.3691    25.1977 0.0000e+00
    351.825     30.000    -0.5999  25.833776    31.3685    25.1983 0.0000e+00
    353.453     31.000    -0.5336  25.886052    31.3689    25.1963 0.0000e+00
    356.461     32.000    -0.2602  26.112942    31.3867    25.2006 0.0000e+00
    358.448     33.000    -0.2051  26.153207    31.3825    25.1951 0.0000e+00
    359.624     34.000    -0.1084  26.240250    31.3971    25.2029 0.0000e+00
    361.908     35.000    -0.1801  26.181792    31.3934    25.2028 0.0000e+00
    364.863     36.000    -0.3715  26.028543    31.3877    25.2056 0.0000e+00
    366.249     37.000    -0.4727  25.949889    31.3873    25.2091 0.0000e+00
    367.697     38.000    -0.6445  25.811518    31.3805    25.2094 0.0000e+00
    370.404     39.000    -0.8242  25.670041    31.3772    25.2125 0.0000e+00
    372.697     40.000    -0.8854  25.621240    31.3748    25.2124 0.0000e+00
    374.462     41.000    -0.8984  25.611973    31.3753    25.2132 0.0000e+00
    376.573     42.000    -0.9016  25.610252    31.3757    25.2137 0.0000e+00
    378.828     43.000    -0.9028  25.609592    31.3755    25.2135 0.0000e+00
    381.098     44.000    -0.9057  25.607793    31.3755    25.2136 0.0000e+00
    382.979     45.000    -0.9206  25.599436    31.3792    25.2171 0.0000e+00
    385.535     46.000    -0.9321  25.594143    31.3835    25.2209 0.0000e+00
    387.634     47.000    -0.9333  25.595020    31.3854    25.2224 0.0000e+00
    389.454     48.000    -0.9333  25.598209    31.3891    25.2254 0.0000e+00
    392.053     49.000    -0.9335  25.599965    31.3911    25.2271 0.0000e+00
    394.071     50.000    -0.9336  25.603063    31.3948    25.2301 0.0000e+00
    396.240     51.000    -0.9321  25.609228    31.4009    25.2350 0.0000e+00
    398.722     52.000    -0.9325  25.611508    31.4038    25.2374 0.0000e+00
    400.399     53.000    -0.9351  25.611132    31.4055    25.2388 0.0000e+00
    402.403     54.000    -0.9322  25.616490    31.4091    25.2416 0.0000e+00
    404.800     55.000    -0.9259  25.629026    31.4188    25.2493 0.0000e+00
    406.463     56.000    -0.9171  25.647576    31.4340    25.2613 0.0000e+00
    408.109     57.000    -0.9139  25.658281    31.4445    25.2697 0.0000e+00
    410.171     58.000    -0.9216  25.658405    31.4521    25.2762 0.0000e+00
    412.454     59.000    -0.9269  25.659058    31.4580    25.2810 0.0000e+00
    414.259     60.000    -0.9267  25.665063    31.4653    25.2869 0.0000e+00
    415.902     61.000    -0.9240  25.672021    31.4712    25.2917 0.0000e+00
    418.696     62.000    -0.9189  25.682891    31.4800    25.2986 0.0000e+00
    421.200     63.000    -0.9148  25.690469    31.4853    25.3028 0.0000e+00
    423.026     64.000    -0.9125  25.695374    31.4889    25.3057 0.0000e+00
    430.870     65.000    -0.9068  25.703140    31.4928    25.3087 0.0000e+00
    433.629     64.000    -0.9098  25.698733    31.4906    25.3070 0.0000e+00
    437.525     63.000    -0.9137  25.692914    31.4874    25.3045 0.0000e+00
    439.926     62.000    -0.9160  25.687850    31.4836    25.3015 0.0000e+00
    442.087     61.000    -0.9211  25.679008    31.4776    25.2968 0.0000e+00
    445.923     60.000    -0.9248  25.669424    31.4692    25.2900 0.0000e+00
    447.920     59.000    -0.9244  25.665718    31.4643    25.2861 0.0000e+00
    451.427     58.000    -0.9232  25.661198    31.4576    25.2806 0.0000e+00
    454.816     57.000    -0.9199  25.653416    31.4442    25.2697 0.0000e+00
    458.307     56.000    -0.9302  25.632862    31.4279    25.2568 0.0000e+00
    462.132     55.000    -0.9354  25.619669    31.4161    25.2474 0.0000e+00
    465.814     54.000    -0.9366  25.612995    31.4090    25.2416 0.0000e+00
    469.500     53.000    -0.9383  25.607822    31.4043    25.2379 0.0000e+00
    472.730     52.000    -0.9352  25.607760    31.4016    25.2356 0.0000e+00
    476.455     51.000    -0.9319  25.607195    31.3980    25.2326 0.0000e+00
    479.744     50.000    -0.9315  25.605341    31.3957    25.2307 0.0000e+00
    484.130     49.000    -0.9330  25.601203    31.3922    25.2280 0.0000e+00
    486.821     48.000    -0.9335  25.598966    31.3903    25.2264 0.0000e+00
    492.219     47.000    -0.9336  25.595133    31.3858    25.2228 0.0000e+00
    495.667     46.000    -0.9327  25.593817    31.3837    25.2211 0.0000e+00
    500.581     45.000    -0.9301  25.593557    31.3812    25.2190 0.0000e+00
    504.279     44.000    -0.9279  25.593307    31.3792    25.2173 0.0000e+00
    508.940     43.000    -0.9177  25.599004    31.3768    25.2150 0.0000e+00
    512.563     42.000    -0.9071  25.604597    31.3738    25.2123 0.0000e+00
    517.506     41.000    -0.9080  25.602847    31.3730    25.2117 0.0000e+00
    521.406     40.000    -0.9026  25.606518    31.3729    25.2114 0.0000e+00
    526.025     39.000    -0.8780  25.625014    31.3727    25.2106 0.0000e+00
    530.188     38.000    -0.7634  25.714432    31.3741    25.2081 0.0000e+00
    534.380     37.000    -0.4296  25.980972    31.3840    25.2048 0.0000e+00
    539.277     36.000    -0.2809  26.099829    31.3885    25.2029 0.0000e+00
    543.237     35.000    -0.2645  26.113213    31.3898    25.2033 0.0000e+00
    547.970     34.000    -0.2738  26.107161    31.3920    25.2054 0.0000e+00
    552.440     33.000    -0.6123  25.826227    31.3696    25.1995 0.0000e+00
    556.838     32.000    -0.5301  25.890292    31.3704    25.1974 0.0000e+00
    561.021     31.000    -0.3444  26.037896    31.3749    25.1943 0.0000e+00
    566.465     30.000    -0.2833  26.086339    31.3765    25.1933 0.0000e+00
    570.320     29.000    -0.2341  26.126466    31.3794    25.1937 0.0000e+00
    574.568     28.000    -0.2039  26.150814    31.3810    25.1938 0.0000e+00
    579.341     27.000    -0.1895  26.162004    31.3815    25.1936 0.0000e+00
    583.173     26.000    -0.1938  26.155407    31.3778    25.1908 0.0000e+00
    587.538     25.000    -0.2371  26.110572    31.3638    25.1812 0.0000e+00
    591.476     24.000    -0.2830  26.072052    31.3608    25.1805 0.0000e+00
    595.114     23.000    -0.2759  26.077070    31.3607    25.1802 0.0000e+00
    599.284     22.000    -0.2817  26.071507    31.3599    25.1798 0.0000e+00
    602.957     21.000    -0.2568  26.091037    31.3606    25.1794 0.0000e+00
    607.065     20.000    -0.2096  26.128283    31.3617    25.1784 0.0000e+00
    610.865     19.000    -0.1630  26.164196    31.3617    25.1766 0.0000e+00
    614.503     18.000    -0.1635  26.161283    31.3589    25.1744 0.0000e+00
    618.719     17.000    -0.1619  26.161798    31.3585    25.1740 0.0000e+00
    622.422     16.000    -0.1574  26.164482    31.3580    25.1734 0.0000e+00
    626.492     15.000    -0.1610  26.161755    31.3587    25.1741 0.0000e+00
    630.906     14.000    -0.1701  26.154290    31.3588    25.1745 0.0000e+00
    634.414     13.000    -0.1235  26.188314    31.3562    25.1706 0.0000e+00
    638.854     12.000    -0.0720  26.224464    31.3514    25.1646 0.0000e+00
    642.437     11.000    -0.0445  26.243149    31.3483    25.1609 0.0000e+00
    647.449     10.000    -0.0301  26.252148    31.3459    25.1584 0.0000e+00
    651.489      9.000    -0.0372  26.244312    31.3435    25.1567 0.0000e+00
    655.852      8.000    -0.0615  26.219457    31.3363    25.1520 0.0000e+00
    660.476      7.000    -0.0693  26.211879    31.3349    25.1512 0.0000e+00
    664.345      6.000    -0.0731  26.208002    31.3343    25.1508 0.0000e+00
    670.090      5.000    -0.0803  26.201041    31.3331    25.1502 0.0000e+00
    674.433      4.000    -0.0830  26.198028    31.3325    25.1498 0.0000e+00
    679.798      3.000    -0.0827  26.197918    31.3326    25.1498 0.0000e+00
    685.322      2.000    -0.0808  26.199149    31.3328    25.1500 0.0000e+00
    702.493      1.000    -0.0849  26.121563    31.2356    25.0716 0.0000e+00
