data/seacat/current/bon022.cnv
* Sea-Bird SBE 19plus Data File:
* FileName = C:\Sea-Bird Data\2014\DY1405\Casts\BON022.hex
* Software Version Seasave V 7.22.3
* Temperature SN = 4530
* Conductivity SN = 4530
* System UpLoad Time = May 10 2014 06:57:32
* Real-Time Sample Interval = 0.2500 seconds
* System UTC = May 10 2014 06:57:32
# nquan = 7                                 
# nvalues = 129                         
# units = specified
# name 0 = timeS: Time, Elapsed [seconds]
# name 1 = prdM: Pressure, Strain Gauge [db]
# name 2 = tv290C: Temperature [ITS-90, deg C]
# name 3 = c0mS/cm: Conductivity [mS/cm]
# name 4 = sal00: Salinity, Practical [PSU]
# name 5 = sigma-t00: Density [sigma-t, Kg/m^3 ]
# name 6 = flag: flag
# span 0 =     53.143,    469.623       
# span 1 =      1.000,     65.000       
# span 2 =     2.7661,     3.7040       
# span 3 =  24.676764,  30.156618       
# span 4 =    26.0211,    32.7705       
# span 5 =    20.6751,    26.0761       
# span 6 = 0.0000e+00, 0.0000e+00       
# interval = decibars: 1                
# start_time = May 10 2014 06:57:32 [System UTC, header]
# bad_flag = -9.990e-29
*END*
     53.143      1.000     3.7040  24.676764    26.0211    20.6751 0.0000e+00
     55.470      2.000     3.4841  29.788905    32.2304    25.6321 0.0000e+00
     58.339      3.000     3.4873  29.945113    32.4135    25.7776 0.0000e+00
     63.123      4.000     3.4758  29.969609    32.4538    25.8108 0.0000e+00
     67.118      5.000     3.4770  30.060059    32.5603    25.8955 0.0000e+00
     68.956      6.000     3.4832  30.102119    32.6039    25.9297 0.0000e+00
     71.049      7.000     3.4754  30.103050    32.6123    25.9371 0.0000e+00
     73.001      8.000     3.4918  30.133048    32.6312    25.9506 0.0000e+00
     75.182      9.000     3.4846  30.137866    32.6437    25.9612 0.0000e+00
     77.252     10.000     3.3781  30.116363    32.7248    26.0356 0.0000e+00
     79.208     11.000     3.3336  30.117434    32.7705    26.0761 0.0000e+00
     81.241     12.000     3.4358  30.153109    32.7096    26.0182 0.0000e+00
     83.485     13.000     3.3887  30.126029    32.7241    26.0340 0.0000e+00
     85.613     14.000     3.4048  30.146945    32.7324    26.0392 0.0000e+00
     88.023     15.000     3.4746  30.156618    32.6731    25.9855 0.0000e+00
     90.599     16.000     3.4309  30.136012    32.6919    26.0045 0.0000e+00
     92.786     17.000     3.2414  29.772660    32.4454    25.8252 0.0000e+00
     95.077     18.000     3.0317  29.447274    32.2624    25.6975 0.0000e+00
     97.339     19.000     3.0215  29.439515    32.2627    25.6986 0.0000e+00
     99.546     20.000     3.0106  29.429012    32.2604    25.6977 0.0000e+00
    101.207     21.000     2.9885  29.409654    32.2586    25.6981 0.0000e+00
    103.286     22.000     2.9598  29.384550    32.2564    25.6988 0.0000e+00
    105.681     23.000     2.9410  29.368051    32.2547    25.6990 0.0000e+00
    107.398     24.000     2.9271  29.356215    32.2537    25.6995 0.0000e+00
    109.433     25.000     2.9064  29.338510    32.2525    25.7002 0.0000e+00
    111.418     26.000     2.8913  29.326006    32.2519    25.7010 0.0000e+00
    113.779     27.000     2.8826  29.318504    32.2510    25.7010 0.0000e+00
    116.233     28.000     2.8715  29.309795    32.2511    25.7020 0.0000e+00
    118.250     29.000     2.8412  29.284955    32.2508    25.7043 0.0000e+00
    120.922     30.000     2.8245  29.271694    32.2509    25.7057 0.0000e+00
    123.480     31.000     2.8053  29.256139    32.2507    25.7072 0.0000e+00
    125.289     32.000     2.7978  29.250554    32.2509    25.7080 0.0000e+00
    127.631     33.000     2.7942  29.247999    32.2509    25.7082 0.0000e+00
    129.907     34.000     2.7921  29.246808    32.2510    25.7085 0.0000e+00
    131.563     35.000     2.7913  29.246974    32.2515    25.7090 0.0000e+00
    133.723     36.000     2.7883  29.245032    32.2516    25.7093 0.0000e+00
    136.221     37.000     2.7851  29.242918    32.2517    25.7097 0.0000e+00
    138.005     38.000     2.7820  29.241104    32.2521    25.7102 0.0000e+00
    139.860     39.000     2.7814  29.241406    32.2525    25.7106 0.0000e+00
    142.224     40.000     2.7816  29.242037    32.2526    25.7106 0.0000e+00
    144.239     41.000     2.7796  29.241321    32.2532    25.7113 0.0000e+00
    146.074     42.000     2.7772  29.240429    32.2540    25.7121 0.0000e+00
    148.480     43.000     2.7765  29.240565    32.2543    25.7124 0.0000e+00
    150.573     44.000     2.7759  29.240933    32.2548    25.7129 0.0000e+00
    152.332     45.000     2.7754  29.241393    32.2554    25.7134 0.0000e+00
    154.427     46.000     2.7738  29.241517    32.2566    25.7145 0.0000e+00
    156.650     47.000     2.7732  29.241685    32.2569    25.7147 0.0000e+00
    158.687     48.000     2.7730  29.242080    32.2570    25.7149 0.0000e+00
    160.459     49.000     2.7733  29.242504    32.2567    25.7146 0.0000e+00
    162.625     50.000     2.7744  29.243379    32.2561    25.7140 0.0000e+00
    164.955     51.000     2.7737  29.243829    32.2568    25.7147 0.0000e+00
    166.663     52.000     2.7725  29.243896    32.2576    25.7154 0.0000e+00
    168.827     53.000     2.7725  29.244187    32.2574    25.7152 0.0000e+00
    171.154     54.000     2.7711  29.244560    32.2588    25.7164 0.0000e+00
    172.934     55.000     2.7707  29.244922    32.2591    25.7167 0.0000e+00
    175.218     56.000     2.7704  29.245355    32.2594    25.7170 0.0000e+00
    177.255     57.000     2.7697  29.245661    32.2599    25.7175 0.0000e+00
    179.093     58.000     2.7693  29.245914    32.2601    25.7176 0.0000e+00
    181.601     59.000     2.7696  29.246432    32.2599    25.7174 0.0000e+00
    183.620     60.000     2.7695  29.246824    32.2599    25.7175 0.0000e+00
    185.244     61.000     2.7693  29.247181    32.2600    25.7176 0.0000e+00
    187.441     62.000     2.7693  29.247690    32.2601    25.7177 0.0000e+00
    189.903     63.000     2.7667  29.247148    32.2615    25.7190 0.0000e+00
    191.752     64.000     2.7661  29.247369    32.2619    25.7193 0.0000e+00
    198.540     65.000     2.7670  29.248375    32.2617    25.7191 0.0000e+00
    205.863     64.000     2.7675  29.248124    32.2614    25.7188 0.0000e+00
    209.409     63.000     2.7668  29.247332    32.2617    25.7191 0.0000e+00
    211.948     62.000     2.7672  29.246896    32.2613    25.7187 0.0000e+00
    215.034     61.000     2.7681  29.246864    32.2609    25.7183 0.0000e+00
    218.410     60.000     2.7688  29.246618    32.2604    25.7179 0.0000e+00
    221.868     59.000     2.7687  29.245980    32.2602    25.7178 0.0000e+00
    225.944     58.000     2.7692  29.245542    32.2597    25.7174 0.0000e+00
    229.544     57.000     2.7703  29.245301    32.2589    25.7166 0.0000e+00
    232.717     56.000     2.7701  29.244952    32.2592    25.7168 0.0000e+00
    235.497     55.000     2.7702  29.244520    32.2591    25.7167 0.0000e+00
    238.457     54.000     2.7704  29.243942    32.2587    25.7164 0.0000e+00
    242.849     53.000     2.7699  29.243389    32.2591    25.7168 0.0000e+00
    247.422     52.000     2.7700  29.242835    32.2588    25.7166 0.0000e+00
    251.912     51.000     2.7702  29.242408    32.2586    25.7164 0.0000e+00
    256.350     50.000     2.7688  29.241752    32.2598    25.7174 0.0000e+00
    259.752     49.000     2.7692  29.241295    32.2593    25.7170 0.0000e+00
    264.142     48.000     2.7697  29.240915    32.2589    25.7167 0.0000e+00
    267.296     47.000     2.7704  29.240707    32.2585    25.7163 0.0000e+00
    272.239     46.000     2.7712  29.240321    32.2577    25.7156 0.0000e+00
    277.217     45.000     2.7706  29.239713    32.2581    25.7160 0.0000e+00
    282.510     44.000     2.7707  29.239193    32.2579    25.7158 0.0000e+00
    287.130     43.000     2.7712  29.238853    32.2576    25.7155 0.0000e+00
    291.948     42.000     2.7718  29.238717    32.2573    25.7152 0.0000e+00
    296.395     41.000     2.7735  29.238944    32.2564    25.7144 0.0000e+00
    301.391     40.000     2.7731  29.238357    32.2566    25.7146 0.0000e+00
    305.497     39.000     2.7759  29.239394    32.2556    25.7135 0.0000e+00
    310.514     38.000     2.7718  29.236899    32.2572    25.7151 0.0000e+00
    314.440     37.000     2.7718  29.236438    32.2572    25.7151 0.0000e+00
    319.364     36.000     2.7730  29.236561    32.2567    25.7146 0.0000e+00
    323.522     35.000     2.7765  29.237875    32.2553    25.7132 0.0000e+00
    328.321     34.000     2.7834  29.241114    32.2528    25.7107 0.0000e+00
    332.946     33.000     2.7839  29.240950    32.2527    25.7105 0.0000e+00
    337.851     32.000     2.7836  29.240373    32.2528    25.7106 0.0000e+00
    342.804     31.000     2.7906  29.244892    32.2518    25.7093 0.0000e+00
    347.675     30.000     2.8005  29.252455    32.2516    25.7083 0.0000e+00
    352.107     29.000     2.8078  29.258147    32.2517    25.7078 0.0000e+00
    356.699     28.000     2.8280  29.274487    32.2518    25.7062 0.0000e+00
    360.801     27.000     2.8594  29.299466    32.2512    25.7031 0.0000e+00
    365.024     26.000     2.8742  29.310930    32.2508    25.7015 0.0000e+00
    368.963     25.000     2.8961  29.328634    32.2508    25.6997 0.0000e+00
    373.243     24.000     2.9334  29.359997    32.2520    25.6976 0.0000e+00
    377.405     23.000     2.9489  29.372902    32.2527    25.6968 0.0000e+00
    382.160     22.000     2.9714  29.391944    32.2537    25.6957 0.0000e+00
    386.653     21.000     3.0075  29.422909    32.2556    25.6941 0.0000e+00
    390.895     20.000     3.0297  29.441792    32.2567    25.6931 0.0000e+00
    394.978     19.000     3.0450  29.454953    32.2578    25.6927 0.0000e+00
    398.876     18.000     3.0530  29.461607    32.2584    25.6925 0.0000e+00
    403.062     17.000     3.0602  29.467346    32.2587    25.6921 0.0000e+00
    406.940     16.000     3.0671  29.473006    32.2591    25.6919 0.0000e+00
    411.002     15.000     3.0711  29.476064    32.2594    25.6917 0.0000e+00
    414.900     14.000     3.0748  29.478707    32.2594    25.6914 0.0000e+00
    419.059     13.000     3.0772  29.480475    32.2596    25.6914 0.0000e+00
    422.694     12.000     3.0802  29.482631    32.2598    25.6912 0.0000e+00
    426.682     11.000     3.0840  29.485512    32.2600    25.6911 0.0000e+00
    430.558     10.000     3.0909  29.490961    32.2602    25.6907 0.0000e+00
    434.477      9.000     3.0980  29.496588    32.2604    25.6902 0.0000e+00
    438.544      8.000     3.1067  29.503721    32.2608    25.6898 0.0000e+00
    442.461      7.000     3.1245  29.517730    32.2605    25.6880 0.0000e+00
    446.582      6.000     3.2031  29.580639    32.2583    25.6794 0.0000e+00
    450.229      5.000     3.2859  29.647581    32.2567    25.6709 0.0000e+00
    454.963      4.000     3.3738  29.718797    32.2551    25.6618 0.0000e+00
    458.424      3.000     3.3721  29.717210    32.2555    25.6622 0.0000e+00
    463.311      2.000     3.3789  29.723167    32.2564    25.6623 0.0000e+00
    469.623      1.000     3.3733  29.685233    32.2170    25.6314 0.0000e+00
