data/seacat/current/bon019.cnv
* Sea-Bird SBE 19plus Data File:
* FileName = C:\Sea-Bird Data\2014\DY1405\Casts\bon019.hex
* Software Version Seasave V 7.22.3
* Temperature SN = 4530
* Conductivity SN = 4530
* System UpLoad Time = May 09 2014 22:33:05
* Real-Time Sample Interval = 0.2500 seconds
* System UTC = May 09 2014 22:33:05
# nquan = 7                                 
# nvalues = 129                         
# units = specified
# name 0 = timeS: Time, Elapsed [seconds]
# name 1 = prdM: Pressure, Strain Gauge [db]
# name 2 = tv290C: Temperature [ITS-90, deg C]
# name 3 = c0mS/cm: Conductivity [mS/cm]
# name 4 = sal00: Salinity, Practical [PSU]
# name 5 = sigma-t00: Density [sigma-t, Kg/m^3 ]
# name 6 = flag: flag
# span 0 =    108.522,    499.494       
# span 1 =      1.000,     65.000       
# span 2 =     2.5490,     4.8193       
# span 3 =  21.409595,  30.859846       
# span 4 =    21.5315,    32.9058       
# span 5 =    17.0312,    26.1124       
# span 6 = 0.0000e+00, 0.0000e+00       
# interval = decibars: 1                
# start_time = May 09 2014 22:33:05 [System UTC, header]
# bad_flag = -9.990e-29
*END*
    108.522      1.000     4.8193  21.409595    21.5315    17.0312 0.0000e+00
    110.923      2.000     4.0812  30.859846    32.9058    26.1124 0.0000e+00
    113.459      3.000     4.1512  30.331687    32.2142    25.5558 0.0000e+00
    118.656      4.000     4.1200  30.403844    32.3292    25.6502 0.0000e+00
    122.931      5.000     4.3500  30.503721    32.2198    25.5403 0.0000e+00
    124.763      6.000     4.2741  30.477073    32.2625    25.5819 0.0000e+00
    126.309      7.000     4.2752  30.498908    32.2865    25.6008 0.0000e+00
    128.728      8.000     4.2617  30.439401    32.2296    25.5569 0.0000e+00
    130.364      9.000     4.0422  30.209636    32.1747    25.5351 0.0000e+00
    131.904     10.000     3.9988  30.234816    32.2465    25.5964 0.0000e+00
    133.876     11.000     4.0929  30.371212    32.3139    25.6408 0.0000e+00
    136.224     12.000     4.0681  30.374636    32.3419    25.6654 0.0000e+00
    137.875     13.000     4.0020  30.254916    32.2655    25.6112 0.0000e+00
    139.500     14.000     3.9680  30.205805    32.2406    25.5947 0.0000e+00
    141.880     15.000     4.0263  30.339191    32.3398    25.6679 0.0000e+00
    144.360     16.000     4.0304  30.361163    32.3612    25.6845 0.0000e+00
    146.220     17.000     4.0345  30.398788    32.4009    25.7157 0.0000e+00
    148.484     18.000     3.8556  30.052412    32.1680    25.5478 0.0000e+00
    150.784     19.000     3.5395  29.654736    32.0066    25.4488 0.0000e+00
    152.931     20.000     3.5133  29.634984    32.0083    25.4526 0.0000e+00
    155.046     21.000     3.4962  29.621098    32.0081    25.4540 0.0000e+00
    157.021     22.000     3.4903  29.616592    32.0080    25.4544 0.0000e+00
    158.965     23.000     3.4883  29.615668    32.0084    25.4549 0.0000e+00
    161.099     24.000     3.4855  29.613709    32.0083    25.4551 0.0000e+00
    163.072     25.000     3.4829  29.611869    32.0081    25.4552 0.0000e+00
    164.824     26.000     3.4814  29.611002    32.0081    25.4553 0.0000e+00
    166.912     27.000     3.4782  29.609042    32.0084    25.4558 0.0000e+00
    168.983     28.000     3.4561  29.594288    32.0120    25.4607 0.0000e+00
    170.867     29.000     3.3532  29.525637    32.0310    25.4850 0.0000e+00
    172.696     30.000     3.1839  29.405039    32.0534    25.5177 0.0000e+00
    174.700     31.000     3.0657  29.319207    32.0668    25.5386 0.0000e+00
    177.023     32.000     2.9631  29.246766    32.0808    25.5585 0.0000e+00
    179.051     33.000     2.7429  29.091363    32.1116    25.6012 0.0000e+00
    180.790     34.000     2.6027  28.990708    32.1288    25.6262 0.0000e+00
    183.363     35.000     2.5738  28.969500    32.1314    25.6306 0.0000e+00
    185.856     36.000     2.5666  28.963207    32.1304    25.6303 0.0000e+00
    187.379     37.000     2.5621  28.959558    32.1299    25.6303 0.0000e+00
    189.385     38.000     2.5599  28.958010    32.1297    25.6303 0.0000e+00
    192.624     39.000     2.5586  28.956830    32.1290    25.6299 0.0000e+00
    194.359     40.000     2.5577  28.955995    32.1283    25.6294 0.0000e+00
    195.725     41.000     2.5571  28.955746    32.1281    25.6293 0.0000e+00
    197.855     42.000     2.5570  28.956023    32.1280    25.6292 0.0000e+00
    200.550     43.000     2.5560  28.955507    32.1278    25.6292 0.0000e+00
    201.971     44.000     2.5543  28.954489    32.1278    25.6293 0.0000e+00
    203.429     45.000     2.5529  28.953832    32.1278    25.6294 0.0000e+00
    205.689     46.000     2.5529  28.954327    32.1279    25.6295 0.0000e+00
    207.949     47.000     2.5530  28.954766    32.1278    25.6294 0.0000e+00
    209.509     48.000     2.5522  28.954403    32.1276    25.6293 0.0000e+00
    211.183     49.000     2.5518  28.954518    32.1276    25.6294 0.0000e+00
    213.268     50.000     2.5518  28.954961    32.1277    25.6294 0.0000e+00
    215.554     51.000     2.5522  28.955472    32.1273    25.6291 0.0000e+00
    217.424     52.000     2.5522  28.955826    32.1272    25.6290 0.0000e+00
    219.151     53.000     2.5521  28.956165    32.1272    25.6290 0.0000e+00
    221.490     54.000     2.5522  28.956556    32.1271    25.6289 0.0000e+00
    223.633     55.000     2.5522  28.956991    32.1271    25.6289 0.0000e+00
    225.332     56.000     2.5520  28.957326    32.1272    25.6289 0.0000e+00
    227.118     57.000     2.5518  28.957670    32.1272    25.6290 0.0000e+00
    229.674     58.000     2.5519  28.958020    32.1270    25.6289 0.0000e+00
    231.380     59.000     2.5516  28.958182    32.1270    25.6289 0.0000e+00
    232.772     60.000     2.5513  28.958490    32.1271    25.6290 0.0000e+00
    235.092     61.000     2.5516  28.959223    32.1272    25.6290 0.0000e+00
    237.242     62.000     2.5516  28.959696    32.1273    25.6291 0.0000e+00
    238.749     63.000     2.5513  28.959875    32.1272    25.6291 0.0000e+00
    242.892     64.000     2.5522  28.960933    32.1271    25.6289 0.0000e+00
    259.767     65.000     2.5520  28.961187    32.1271    25.6289 0.0000e+00
    251.908     64.000     2.5529  28.961571    32.1272    25.6289 0.0000e+00
    254.854     63.000     2.5528  28.960941    32.1270    25.6288 0.0000e+00
    257.700     62.000     2.5533  28.960933    32.1271    25.6288 0.0000e+00
    259.717     61.000     2.5531  28.960336    32.1271    25.6288 0.0000e+00
    263.580     60.000     2.5521  28.959072    32.1271    25.6289 0.0000e+00
    267.017     59.000     2.5513  28.958074    32.1272    25.6290 0.0000e+00
    270.705     58.000     2.5509  28.957308    32.1272    25.6290 0.0000e+00
    274.050     57.000     2.5508  28.956658    32.1270    25.6289 0.0000e+00
    277.389     56.000     2.5504  28.955907    32.1270    25.6290 0.0000e+00
    280.852     55.000     2.5505  28.955569    32.1270    25.6290 0.0000e+00
    284.602     54.000     2.5510  28.955511    32.1270    25.6289 0.0000e+00
    287.661     53.000     2.5510  28.955055    32.1270    25.6289 0.0000e+00
    291.648     52.000     2.5507  28.954438    32.1271    25.6290 0.0000e+00
    294.553     51.000     2.5505  28.953816    32.1270    25.6290 0.0000e+00
    298.263     50.000     2.5508  28.953643    32.1270    25.6290 0.0000e+00
    301.754     49.000     2.5509  28.953095    32.1268    25.6288 0.0000e+00
    304.674     48.000     2.5504  28.952315    32.1269    25.6289 0.0000e+00
    309.121     47.000     2.5493  28.951108    32.1271    25.6291 0.0000e+00
    311.959     46.000     2.5490  28.950429    32.1271    25.6291 0.0000e+00
    316.125     45.000     2.5492  28.950134    32.1270    25.6291 0.0000e+00
    319.580     44.000     2.5508  28.950863    32.1268    25.6288 0.0000e+00
    323.181     43.000     2.5512  28.950630    32.1267    25.6286 0.0000e+00
    327.485     42.000     2.5507  28.949815    32.1267    25.6287 0.0000e+00
    331.405     41.000     2.5518  28.950161    32.1266    25.6285 0.0000e+00
    335.235     40.000     2.5512  28.949149    32.1265    25.6285 0.0000e+00
    340.288     39.000     2.5521  28.949430    32.1265    25.6284 0.0000e+00
    343.895     38.000     2.5534  28.949841    32.1262    25.6281 0.0000e+00
    347.969     37.000     2.5540  28.949964    32.1263    25.6281 0.0000e+00
    351.665     36.000     2.5562  28.950993    32.1259    25.6276 0.0000e+00
    355.306     35.000     2.5617  28.954418    32.1251    25.6265 0.0000e+00
    359.328     34.000     2.5673  28.958025    32.1244    25.6255 0.0000e+00
    362.890     33.000     2.5784  28.965361    32.1227    25.6233 0.0000e+00
    367.197     32.000     2.6039  28.982285    32.1184    25.6178 0.0000e+00
    370.400     31.000     2.7899  29.111849    32.0905    25.5806 0.0000e+00
    375.055     30.000     3.0371  29.287875    32.0579    25.5339 0.0000e+00
    378.599     29.000     3.1397  29.363173    32.0473    25.5167 0.0000e+00
    383.463     28.000     3.3849  29.534704    32.0110    25.4663 0.0000e+00
    387.018     27.000     3.4474  29.580923    32.0051    25.4560 0.0000e+00
    390.808     26.000     3.4601  29.590695    32.0048    25.4546 0.0000e+00
    394.721     25.000     3.4702  29.597902    32.0040    25.4530 0.0000e+00
    398.232     24.000     3.4854  29.607870    32.0014    25.4496 0.0000e+00
    402.424     23.000     3.5156  29.629497    31.9980    25.4441 0.0000e+00
    405.851     22.000     3.5205  29.631149    31.9956    25.4418 0.0000e+00
    410.050     21.000     3.5095  29.619210    31.9928    25.4405 0.0000e+00
    413.041     20.000     3.5113  29.617852    31.9899    25.4381 0.0000e+00
    417.236     19.000     3.5388  29.641038    31.9910    25.4365 0.0000e+00
    420.781     18.000     3.5526  29.651257    31.9901    25.4345 0.0000e+00
    424.633     17.000     3.5967  29.688278    31.9913    25.4314 0.0000e+00
    428.648     16.000     3.6441  29.729406    31.9941    25.4293 0.0000e+00
    432.425     15.000     3.7068  29.785076    31.9991    25.4275 0.0000e+00
    436.297     14.000     3.7848  29.854184    32.0050    25.4249 0.0000e+00
    440.971     13.000     3.8469  29.908570    32.0090    25.4222 0.0000e+00
    445.499     12.000     3.8799  29.937037    32.0108    25.4205 0.0000e+00
    450.395     11.000     3.8999  29.953254    32.0109    25.4187 0.0000e+00
    453.764     10.000     3.9263  29.974585    32.0108    25.4160 0.0000e+00
    458.337      9.000     3.9508  29.994991    32.0114    25.4141 0.0000e+00
    461.635      8.000     3.9789  30.017311    32.0107    25.4109 0.0000e+00
    466.335      7.000     4.0131  30.044527    32.0098    25.4069 0.0000e+00
    470.567      6.000     4.0693  30.088179    32.0068    25.3990 0.0000e+00
    476.121      5.000     4.0803  30.093940    32.0033    25.3952 0.0000e+00
    480.554      4.000     4.0883  30.098759    32.0017    25.3931 0.0000e+00
    484.485      3.000     4.0932  30.099845    31.9987    25.3902 0.0000e+00
    488.992      2.000     4.1059  30.111719    32.0008    25.3906 0.0000e+00
    499.494      1.000     4.1214  29.860351    31.6912    25.1432 0.0000e+00
