data/seacat/current/bon007.cnv
* Sea-Bird SBE 19plus Data File:
* FileName = C:\Sea-Bird Data\2014\DY1405\Casts\BON007.hex
* Software Version Seasave V 7.22.3
* Temperature SN = 4530
* Conductivity SN = 4530
* System UpLoad Time = May 07 2014 23:35:08
* Real-Time Sample Interval = 0.2500 seconds
* System UTC = May 07 2014 23:35:08
# nquan = 7                                 
# nvalues = 83                          
# units = specified
# name 0 = timeS: Time, Elapsed [seconds]
# name 1 = prdM: Pressure, Strain Gauge [db]
# name 2 = tv290C: Temperature [ITS-90, deg C]
# name 3 = c0mS/cm: Conductivity [mS/cm]
# name 4 = sal00: Salinity, Practical [PSU]
# name 5 = sigma-t00: Density [sigma-t, Kg/m^3 ]
# name 6 = flag: flag
# span 0 =    110.546,    375.765       
# span 1 =      1.000,     42.000       
# span 2 =     4.6402,     4.8298       
# span 3 =  26.279581,  30.306926       
# span 4 =    26.9721,    31.5748       
# span 5 =    21.3367,    24.9987       
# span 6 = 0.0000e+00, 0.0000e+00       
# interval = decibars: 1                
# start_time = May 07 2014 23:35:08 [System UTC, header]
# bad_flag = -9.990e-29
*END*
    110.546      1.000     4.8245  27.018815    27.7849    21.9775 0.0000e+00
    112.946      2.000     4.8255  30.306926    31.5348    24.9476 0.0000e+00
    116.965      3.000     4.8237  30.255091    31.4764    24.9015 0.0000e+00
    121.751      4.000     4.8298  30.261053    31.4770    24.9014 0.0000e+00
    124.356      5.000     4.8254  30.258103    31.4773    24.9021 0.0000e+00
    125.945      6.000     4.8099  30.249739    31.4819    24.9073 0.0000e+00
    127.420      7.000     4.7753  30.221542    31.4818    24.9109 0.0000e+00
    129.087      8.000     4.7660  30.232191    31.5024    24.9282 0.0000e+00
    130.696      9.000     4.7706  30.241353    31.5081    24.9322 0.0000e+00
    132.310     10.000     4.7622  30.246147    31.5211    24.9434 0.0000e+00
    134.193     11.000     4.7966  30.256079    31.4993    24.9226 0.0000e+00
    136.107     12.000     4.8134  30.257630    31.4847    24.9092 0.0000e+00
    138.529     13.000     4.8171  30.258057    31.4812    24.9060 0.0000e+00
    140.860     14.000     4.7381  30.215787    31.5070    24.9348 0.0000e+00
    142.879     15.000     4.7667  30.245417    31.5135    24.9369 0.0000e+00
    145.277     16.000     4.8148  30.258218    31.4821    24.9070 0.0000e+00
    147.033     17.000     4.8101  30.255996    31.4835    24.9086 0.0000e+00
    148.832     18.000     4.7207  30.194058    31.4965    24.9283 0.0000e+00
    150.777     19.000     4.6732  30.165988    31.5088    24.9429 0.0000e+00
    152.629     20.000     4.6723  30.164750    31.5078    24.9422 0.0000e+00
    154.420     21.000     4.6729  30.162564    31.5042    24.9393 0.0000e+00
    156.286     22.000     4.6725  30.163582    31.5052    24.9402 0.0000e+00
    158.355     23.000     4.6721  30.164988    31.5067    24.9414 0.0000e+00
    160.383     24.000     4.6704  30.166873    31.5100    24.9442 0.0000e+00
    162.279     25.000     4.6713  30.165444    31.5070    24.9417 0.0000e+00
    164.411     26.000     4.6715  30.165438    31.5063    24.9412 0.0000e+00
    166.472     27.000     4.6711  30.166706    31.5077    24.9423 0.0000e+00
    168.403     28.000     4.6679  30.170491    31.5146    24.9481 0.0000e+00
    170.254     29.000     4.6649  30.174026    31.5211    24.9535 0.0000e+00
    172.450     30.000     4.6629  30.176311    31.5251    24.9569 0.0000e+00
    174.820     31.000     4.6613  30.178242    31.5284    24.9597 0.0000e+00
    177.108     32.000     4.6574  30.181217    31.5350    24.9654 0.0000e+00
    179.088     33.000     4.6525  30.184342    31.5428    24.9720 0.0000e+00
    181.382     34.000     4.6468  30.188593    31.5526    24.9804 0.0000e+00
    183.590     35.000     4.6457  30.190731    31.5557    24.9829 0.0000e+00
    185.379     36.000     4.6448  30.193311    31.5590    24.9857 0.0000e+00
    187.525     37.000     4.6453  30.192766    31.5574    24.9844 0.0000e+00
    189.755     38.000     4.6451  30.193784    31.5583    24.9851 0.0000e+00
    191.565     39.000     4.6441  30.196226    31.5616    24.9878 0.0000e+00
    193.726     40.000     4.6425  30.200510    31.5675    24.9927 0.0000e+00
    195.677     41.000     4.6418  30.202234    31.5697    24.9945 0.0000e+00
    203.676     42.000     4.6425  30.202270    31.5686    24.9935 0.0000e+00
    208.840     41.000     4.6420  30.202270    31.5696    24.9943 0.0000e+00
    210.881     40.000     4.6402  30.204866    31.5748    24.9987 0.0000e+00
    213.895     39.000     4.6408  30.203231    31.5728    24.9970 0.0000e+00
    216.091     38.000     4.6406  30.202844    31.5730    24.9972 0.0000e+00
    219.317     37.000     4.6432  30.196302    31.5635    24.9894 0.0000e+00
    222.042     36.000     4.6445  30.192772    31.5587    24.9854 0.0000e+00
    224.463     35.000     4.6496  30.184563    31.5448    24.9739 0.0000e+00
    228.146     34.000     4.6558  30.177745    31.5315    24.9628 0.0000e+00
    230.959     33.000     4.6556  30.177263    31.5317    24.9629 0.0000e+00
    234.228     32.000     4.6554  30.176572    31.5316    24.9628 0.0000e+00
    237.849     31.000     4.6559  30.174948    31.5297    24.9613 0.0000e+00
    241.330     30.000     4.6563  30.173589    31.5282    24.9601 0.0000e+00
    244.932     29.000     4.6578  30.172753    31.5263    24.9584 0.0000e+00
    248.973     28.000     4.6581  30.172540    31.5263    24.9584 0.0000e+00
    252.114     27.000     4.6574  30.171773    31.5266    24.9587 0.0000e+00
    256.429     26.000     4.6563  30.171623    31.5280    24.9599 0.0000e+00
    259.829     25.000     4.6568  30.170711    31.5269    24.9590 0.0000e+00
    264.025     24.000     4.6627  30.164495    31.5146    24.9486 0.0000e+00
    267.967     23.000     4.6597  30.165997    31.5197    24.9530 0.0000e+00
    272.466     22.000     4.6630  30.160710    31.5110    24.9457 0.0000e+00
    277.642     21.000     4.6683  30.152385    31.4968    24.9339 0.0000e+00
    283.031     20.000     4.6671  30.152952    31.4991    24.9359 0.0000e+00
    289.498     19.000     4.6632  30.158523    31.5097    24.9447 0.0000e+00
    295.188     18.000     4.6671  30.151297    31.4982    24.9351 0.0000e+00
    300.743     17.000     4.6669  30.149485    31.4968    24.9340 0.0000e+00
    305.911     16.000     4.6668  30.148947    31.4967    24.9340 0.0000e+00
    311.322     15.000     4.6665  30.145710    31.4938    24.9317 0.0000e+00
    316.115     14.000     4.6659  30.143890    31.4927    24.9309 0.0000e+00
    321.654     13.000     4.6659  30.146312    31.4960    24.9336 0.0000e+00
    326.170     12.000     4.6662  30.139846    31.4888    24.9278 0.0000e+00
    331.353     11.000     4.6661  30.136266    31.4852    24.9250 0.0000e+00
    335.896     10.000     4.6660  30.134614    31.4839    24.9239 0.0000e+00
    340.092      9.000     4.6672  30.134333    31.4829    24.9230 0.0000e+00
    344.314      8.000     4.6998  30.153749    31.4748    24.9132 0.0000e+00
    348.541      7.000     4.8014  30.225952    31.4621    24.8925 0.0000e+00
    352.153      6.000     4.8024  30.225946    31.4616    24.8921 0.0000e+00
    355.764      5.000     4.8080  30.230139    31.4616    24.8915 0.0000e+00
    359.479      4.000     4.8047  30.227263    31.4620    24.8921 0.0000e+00
    363.227      3.000     4.8056  30.227482    31.4618    24.8919 0.0000e+00
    374.083      2.000     4.8097  30.106113    31.3189    24.7782 0.0000e+00
    375.765      1.000     4.7971  26.279581    26.9721    21.3367 0.0000e+00
