data/seacat/current/bon008.cnv
* Sea-Bird SBE 19plus Data File:
* FileName = C:\Sea-Bird Data\2014\DY1405\Casts\BON008.hex
* Software Version Seasave V 7.22.3
* Temperature SN = 4530
* Conductivity SN = 4530
* System UpLoad Time = May 08 2014 05:18:44
* Real-Time Sample Interval = 0.2500 seconds
* System UTC = May 08 2014 05:18:44
# nquan = 7                                 
# nvalues = 77                          
# units = specified
# name 0 = timeS: Time, Elapsed [seconds]
# name 1 = prdM: Pressure, Strain Gauge [db]
# name 2 = tv290C: Temperature [ITS-90, deg C]
# name 3 = c0mS/cm: Conductivity [mS/cm]
# name 4 = sal00: Salinity, Practical [PSU]
# name 5 = sigma-t00: Density [sigma-t, Kg/m^3 ]
# name 6 = flag: flag
# span 0 =     68.937,    329.524       
# span 1 =      1.000,     39.000       
# span 2 =     4.2562,     4.6506       
# span 3 =  24.973331,  30.300793       
# span 4 =    25.6887,    31.7720       
# span 5 =    20.3422,    25.1812       
# span 6 = 0.0000e+00, 0.0000e+00       
# interval = decibars: 1                
# start_time = May 08 2014 05:18:44 [System UTC, header]
# bad_flag = -9.990e-29
*END*
     68.937      1.000     4.5567  24.973331    25.6887    20.3422 0.0000e+00
     70.538      2.000     4.4681  29.707096    31.1808    24.7037 0.0000e+00
     71.947      3.000     4.4727  30.146964    31.6864    25.1044 0.0000e+00
     74.801      4.000     4.5131  30.190636    31.6978    25.1093 0.0000e+00
     83.765      5.000     4.5169  30.238524    31.7492    25.1497 0.0000e+00
     84.280      6.000     4.5882  30.274354    31.7218    25.1206 0.0000e+00
     86.023      7.000     4.6506  30.300793    31.6921    25.0906 0.0000e+00
     88.200      8.000     4.5390  30.206443    31.6893    25.0999 0.0000e+00
     89.935      9.000     4.5288  30.243501    31.7416    25.1424 0.0000e+00
     91.844     10.000     4.4944  30.228201    31.7564    25.1577 0.0000e+00
     93.592     11.000     4.4408  30.145937    31.7118    25.1278 0.0000e+00
     95.305     12.000     4.4442  30.199312    31.7701    25.1737 0.0000e+00
     97.698     13.000     4.4417  30.147841    31.7122    25.1280 0.0000e+00
     99.589     14.000     4.3731  30.111661    31.7356    25.1535 0.0000e+00
    101.556     15.000     4.3849  30.153140    31.7720    25.1812 0.0000e+00
    103.700     16.000     4.3659  30.093312    31.7201    25.1420 0.0000e+00
    105.749     17.000     4.3507  30.049875    31.6837    25.1145 0.0000e+00
    107.895     18.000     4.3036  29.983052    31.6506    25.0929 0.0000e+00
    109.740     19.000     4.2691  29.886987    31.5711    25.0333 0.0000e+00
    112.173     20.000     4.2632  29.872393    31.5592    25.0244 0.0000e+00
    114.162     21.000     4.2633  29.873444    31.5599    25.0249 0.0000e+00
    116.007     22.000     4.2634  29.875004    31.5611    25.0259 0.0000e+00
    118.302     23.000     4.2671  29.878095    31.5607    25.0252 0.0000e+00
    120.435     24.000     4.2651  29.876462    31.5602    25.0250 0.0000e+00
    122.570     25.000     4.2647  29.876404    31.5600    25.0249 0.0000e+00
    124.567     26.000     4.2658  29.877571    31.5598    25.0246 0.0000e+00
    126.522     27.000     4.2662  29.878352    31.5598    25.0246 0.0000e+00
    128.934     28.000     4.2662  29.878797    31.5598    25.0246 0.0000e+00
    131.140     29.000     4.2657  29.878681    31.5597    25.0245 0.0000e+00
    133.079     30.000     4.2668  29.879988    31.5596    25.0244 0.0000e+00
    135.448     31.000     4.2668  29.880480    31.5597    25.0245 0.0000e+00
    137.705     32.000     4.2647  29.879087    31.5596    25.0246 0.0000e+00
    140.036     33.000     4.2621  29.877186    31.5594    25.0247 0.0000e+00
    142.076     34.000     4.2615  29.877272    31.5596    25.0249 0.0000e+00
    144.213     35.000     4.2584  29.874682    31.5590    25.0247 0.0000e+00
    146.834     36.000     4.2568  29.873538    31.5587    25.0247 0.0000e+00
    148.653     37.000     4.2563  29.873544    31.5587    25.0247 0.0000e+00
    151.052     38.000     4.2562  29.873918    31.5587    25.0247 0.0000e+00
    156.565     39.000     4.2570  29.874828    31.5585    25.0245 0.0000e+00
    166.221     38.000     4.2569  29.874269    31.5585    25.0245 0.0000e+00
    170.640     37.000     4.2570  29.873896    31.5584    25.0244 0.0000e+00
    173.785     36.000     4.2575  29.872678    31.5570    25.0233 0.0000e+00
    176.038     35.000     4.2575  29.872562    31.5574    25.0235 0.0000e+00
    178.866     34.000     4.2573  29.872883    31.5585    25.0244 0.0000e+00
    182.461     33.000     4.2594  29.874335    31.5586    25.0243 0.0000e+00
    186.066     32.000     4.2603  29.874736    31.5588    25.0243 0.0000e+00
    189.899     31.000     4.2595  29.873325    31.5584    25.0241 0.0000e+00
    194.058     30.000     4.2579  29.871265    31.5580    25.0240 0.0000e+00
    198.085     29.000     4.2587  29.871613    31.5581    25.0240 0.0000e+00
    202.092     28.000     4.2585  29.871119    31.5583    25.0241 0.0000e+00
    207.281     27.000     4.2601  29.872098    31.5584    25.0241 0.0000e+00
    211.683     26.000     4.2600  29.871573    31.5584    25.0241 0.0000e+00
    217.658     25.000     4.2595  29.870721    31.5583    25.0241 0.0000e+00
    223.766     24.000     4.2611  29.871690    31.5584    25.0240 0.0000e+00
    230.033     23.000     4.2634  29.873258    31.5586    25.0239 0.0000e+00
    236.257     22.000     4.2655  29.874345    31.5583    25.0235 0.0000e+00
    242.129     21.000     4.2673  29.875461    31.5584    25.0234 0.0000e+00
    247.170     20.000     4.2806  29.886375    31.5589    25.0224 0.0000e+00
    251.887     19.000     4.2816  29.886995    31.5591    25.0225 0.0000e+00
    256.398     18.000     4.2685  29.875440    31.5587    25.0235 0.0000e+00
    260.264     17.000     4.2633  29.870186    31.5581    25.0235 0.0000e+00
    265.515     16.000     4.2575  29.864299    31.5573    25.0234 0.0000e+00
    269.352     15.000     4.2634  29.869380    31.5580    25.0235 0.0000e+00
    273.183     14.000     4.2640  29.869579    31.5582    25.0235 0.0000e+00
    277.518     13.000     4.2736  29.877501    31.5587    25.0230 0.0000e+00
    281.264     12.000     4.2965  29.895110    31.5578    25.0200 0.0000e+00
    285.324     11.000     4.3986  29.980318    31.5597    25.0113 0.0000e+00
    289.015     10.000     4.3347  29.927126    31.5595    25.0176 0.0000e+00
    293.373      9.000     4.3556  29.943181    31.5587    25.0148 0.0000e+00
    297.068      8.000     4.4064  29.985088    31.5593    25.0102 0.0000e+00
    300.925      7.000     4.4298  30.004079    31.5595    25.0080 0.0000e+00
    304.725      6.000     4.4459  30.017323    31.5600    25.0068 0.0000e+00
    308.707      5.000     4.4441  30.015650    31.5602    25.0072 0.0000e+00
    312.452      4.000     4.4402  30.012125    31.5604    25.0077 0.0000e+00
    316.360      3.000     4.4375  30.009449    31.5604    25.0079 0.0000e+00
    325.268      2.000     4.4348  30.006742    31.5603    25.0081 0.0000e+00
    329.524      1.000     4.4325  29.516339    30.9937    24.5588 0.0000e+00
