data/seacat/current/bon023.cnv
* Sea-Bird SBE 19plus Data File:
* FileName = C:\Sea-Bird Data\2014\DY1405\Casts\bon023.hex
* Software Version Seasave V 7.22.3
* Temperature SN = 4530
* Conductivity SN = 4530
* System UpLoad Time = May 10 2014 09:41:03
* Real-Time Sample Interval = 0.2500 seconds
* System UTC = May 10 2014 09:41:03
# nquan = 7                                 
# nvalues = 121                         
# units = specified
# name 0 = timeS: Time, Elapsed [seconds]
# name 1 = prdM: Pressure, Strain Gauge [db]
# name 2 = tv290C: Temperature [ITS-90, deg C]
# name 3 = c0mS/cm: Conductivity [mS/cm]
# name 4 = sal00: Salinity, Practical [PSU]
# name 5 = sigma-t00: Density [sigma-t, Kg/m^3 ]
# name 6 = flag: flag
# span 0 =    269.944,    688.931       
# span 1 =      1.000,     61.000       
# span 2 =     2.5371,     3.2986       
# span 3 =  26.188469,  29.749281       
# span 4 =    28.1259,    32.4784       
# span 5 =    22.3798,    25.8576       
# span 6 = 0.0000e+00, 0.0000e+00       
# interval = decibars: 1                
# start_time = May 10 2014 09:41:03 [System UTC, header]
# bad_flag = -9.990e-29
*END*
    269.944      1.000     3.2986  26.188469    28.1259    22.3798 0.0000e+00
    273.228      2.000     3.1907  29.422424    32.0822    25.5401 0.0000e+00
    278.892      3.000     3.2028  29.650985    32.3449    25.7485 0.0000e+00
    282.681      4.000     3.2318  29.685081    32.3564    25.7551 0.0000e+00
    284.948      5.000     3.2046  29.680767    32.3780    25.7747 0.0000e+00
    286.826      6.000     3.1994  29.691248    32.3953    25.7889 0.0000e+00
    288.479      7.000     3.2058  29.729704    32.4347    25.8198 0.0000e+00
    290.408      8.000     3.2235  29.733847    32.4214    25.8076 0.0000e+00
    292.554      9.000     3.1838  29.691353    32.4095    25.8016 0.0000e+00
    294.608     10.000     3.1639  29.686834    32.4235    25.8145 0.0000e+00
    296.279     11.000     3.1475  29.667200    32.4157    25.8098 0.0000e+00
    298.272     12.000     3.2095  29.709655    32.4042    25.7951 0.0000e+00
    300.918     13.000     3.1828  29.703995    32.4236    25.8130 0.0000e+00
    302.994     14.000     3.1725  29.741302    32.4784    25.8576 0.0000e+00
    305.138     15.000     3.1819  29.749281    32.4781    25.8565 0.0000e+00
    307.527     16.000     3.1248  29.684016    32.4562    25.8441 0.0000e+00
    309.796     17.000     2.7268  29.229397    32.3046    25.7567 0.0000e+00
    311.765     18.000     2.6595  29.175114    32.3057    25.7630 0.0000e+00
    314.096     19.000     2.6423  29.160716    32.3049    25.7637 0.0000e+00
    316.265     20.000     2.6300  29.150194    32.3039    25.7639 0.0000e+00
    318.275     21.000     2.6210  29.142782    32.3034    25.7643 0.0000e+00
    320.623     22.000     2.6160  29.138267    32.3024    25.7639 0.0000e+00
    322.848     23.000     2.6123  29.135487    32.3022    25.7640 0.0000e+00
    325.384     24.000     2.6051  29.129801    32.3020    25.7644 0.0000e+00
    327.396     25.000     2.6018  29.127423    32.3018    25.7646 0.0000e+00
    329.527     26.000     2.5964  29.123316    32.3017    25.7649 0.0000e+00
    331.948     27.000     2.5939  29.121509    32.3015    25.7649 0.0000e+00
    333.999     28.000     2.5881  29.117260    32.3016    25.7655 0.0000e+00
    335.883     29.000     2.5845  29.114484    32.3013    25.7655 0.0000e+00
    338.121     30.000     2.5868  29.116984    32.3015    25.7655 0.0000e+00
    340.471     31.000     2.5820  29.113411    32.3015    25.7658 0.0000e+00
    342.247     32.000     2.5765  29.109179    32.3013    25.7662 0.0000e+00
    345.117     33.000     2.5757  29.108965    32.3013    25.7662 0.0000e+00
    347.534     34.000     2.5766  29.110157    32.3013    25.7662 0.0000e+00
    350.241     35.000     2.5768  29.110928    32.3015    25.7663 0.0000e+00
    353.295     36.000     2.5675  29.103602    32.3014    25.7670 0.0000e+00
    355.579     37.000     2.5639  29.100976    32.3013    25.7672 0.0000e+00
    358.418     38.000     2.5660  29.103190    32.3014    25.7670 0.0000e+00
    360.839     39.000     2.5671  29.104541    32.3014    25.7669 0.0000e+00
    362.872     40.000     2.5613  29.100342    32.3015    25.7676 0.0000e+00
    365.750     41.000     2.5521  29.092844    32.3011    25.7679 0.0000e+00
    367.748     42.000     2.5525  29.093642    32.3012    25.7679 0.0000e+00
    369.488     43.000     2.5534  29.094948    32.3013    25.7680 0.0000e+00
    372.015     44.000     2.5537  29.095547    32.3012    25.7679 0.0000e+00
    374.541     45.000     2.5544  29.096683    32.3014    25.7679 0.0000e+00
    376.381     46.000     2.5551  29.097639    32.3013    25.7678 0.0000e+00
    378.510     47.000     2.5556  29.098592    32.3014    25.7679 0.0000e+00
    380.976     48.000     2.5579  29.100997    32.3015    25.7678 0.0000e+00
    383.519     49.000     2.5560  29.099796    32.3014    25.7679 0.0000e+00
    386.055     50.000     2.5518  29.096891    32.3016    25.7683 0.0000e+00
    388.337     51.000     2.5518  29.097113    32.3013    25.7681 0.0000e+00
    390.645     52.000     2.5539  29.099452    32.3015    25.7681 0.0000e+00
    393.667     53.000     2.5497  29.096323    32.3014    25.7683 0.0000e+00
    395.605     54.000     2.5490  29.096259    32.3015    25.7685 0.0000e+00
    397.683     55.000     2.5488  29.096632    32.3016    25.7686 0.0000e+00
    400.037     56.000     2.5479  29.096131    32.3013    25.7685 0.0000e+00
    402.127     57.000     2.5466  29.095654    32.3015    25.7687 0.0000e+00
    404.123     58.000     2.5446  29.094391    32.3015    25.7688 0.0000e+00
    406.338     59.000     2.5454  29.095358    32.3013    25.7686 0.0000e+00
    408.570     60.000     2.5462  29.096582    32.3015    25.7687 0.0000e+00
    413.978     61.000     2.5376  29.089553    32.3010    25.7690 0.0000e+00
    417.982     60.000     2.5408  29.092040    32.3014    25.7690 0.0000e+00
    421.618     59.000     2.5371  29.088531    32.3013    25.7693 0.0000e+00
    424.700     58.000     2.5374  29.088287    32.3013    25.7692 0.0000e+00
    427.119     57.000     2.5382  29.088571    32.3014    25.7692 0.0000e+00
    429.749     56.000     2.5380  29.087948    32.3013    25.7692 0.0000e+00
    433.649     55.000     2.5421  29.090965    32.3014    25.7690 0.0000e+00
    437.181     54.000     2.5434  29.091718    32.3016    25.7690 0.0000e+00
    440.522     53.000     2.5440  29.091891    32.3017    25.7691 0.0000e+00
    443.997     52.000     2.5419  29.089626    32.3016    25.7691 0.0000e+00
    447.165     51.000     2.5452  29.092025    32.3017    25.7690 0.0000e+00
    450.618     50.000     2.5470  29.093162    32.3018    25.7689 0.0000e+00
    454.292     49.000     2.5484  29.093899    32.3019    25.7688 0.0000e+00
    458.582     48.000     2.5506  29.095410    32.3020    25.7688 0.0000e+00
    463.116     47.000     2.5509  29.095245    32.3021    25.7688 0.0000e+00
    467.656     46.000     2.5514  29.095271    32.3021    25.7688 0.0000e+00
    472.214     45.000     2.5528  29.096103    32.3023    25.7688 0.0000e+00
    476.864     44.000     2.5546  29.097217    32.3023    25.7687 0.0000e+00
    481.801     43.000     2.5556  29.097700    32.3025    25.7687 0.0000e+00
    486.698     42.000     2.5575  29.098756    32.3024    25.7685 0.0000e+00
    492.582     41.000     2.5589  29.099512    32.3024    25.7684 0.0000e+00
    498.199     40.000     2.5617  29.101537    32.3026    25.7684 0.0000e+00
    504.516     39.000     2.5629  29.102105    32.3026    25.7683 0.0000e+00
    510.748     38.000     2.5651  29.103623    32.3028    25.7683 0.0000e+00
    517.122     37.000     2.5661  29.104011    32.3028    25.7682 0.0000e+00
    523.349     36.000     2.5676  29.104850    32.3029    25.7681 0.0000e+00
    529.136     35.000     2.5689  29.105467    32.3028    25.7680 0.0000e+00
    535.096     34.000     2.5698  29.105826    32.3029    25.7680 0.0000e+00
    540.420     33.000     2.5710  29.106421    32.3030    25.7679 0.0000e+00
    545.806     32.000     2.5724  29.107120    32.3029    25.7678 0.0000e+00
    551.078     31.000     2.5733  29.107452    32.3030    25.7677 0.0000e+00
    556.243     30.000     2.5711  29.105287    32.3031    25.7680 0.0000e+00
    561.130     29.000     2.5651  29.099857    32.3030    25.7684 0.0000e+00
    565.942     28.000     2.5702  29.103670    32.3031    25.7681 0.0000e+00
    570.061     27.000     2.5795  29.110838    32.3030    25.7673 0.0000e+00
    574.082     26.000     2.5876  29.117189    32.3031    25.7667 0.0000e+00
    577.794     25.000     2.5919  29.120334    32.3032    25.7664 0.0000e+00
    581.341     24.000     2.5951  29.122652    32.3033    25.7663 0.0000e+00
    585.137     23.000     2.5968  29.123627    32.3033    25.7661 0.0000e+00
    588.770     22.000     2.5998  29.125601    32.3032    25.7658 0.0000e+00
    592.392     21.000     2.6005  29.125772    32.3033    25.7658 0.0000e+00
    596.089     20.000     2.6065  29.130318    32.3033    25.7654 0.0000e+00
    599.729     19.000     2.6098  29.132581    32.3033    25.7651 0.0000e+00
    602.916     18.000     2.6145  29.136052    32.3033    25.7647 0.0000e+00
    606.695     17.000     2.6203  29.140228    32.3031    25.7641 0.0000e+00
    610.001     16.000     2.6379  29.154154    32.3029    25.7625 0.0000e+00
    613.727     15.000     2.6528  29.165902    32.3028    25.7612 0.0000e+00
    617.230     14.000     2.6903  29.195509    32.3017    25.7573 0.0000e+00
    621.618     13.000     2.8451  29.318849    32.2966    25.7405 0.0000e+00
    625.328     12.000     2.9514  29.402570    32.2920    25.7279 0.0000e+00
    629.249     11.000     2.9673  29.415321    32.2920    25.7266 0.0000e+00
    633.289     10.000     2.9957  29.438190    32.2917    25.7240 0.0000e+00
    637.311      9.000     3.0135  29.452366    32.2916    25.7223 0.0000e+00
    641.789      8.000     3.0316  29.466894    32.2915    25.7208 0.0000e+00
    646.433      7.000     3.0660  29.493537    32.2898    25.7164 0.0000e+00
    651.579      6.000     3.1061  29.523554    32.2865    25.7103 0.0000e+00
    656.771      5.000     3.1066  29.523931    32.2869    25.7106 0.0000e+00
    662.561      4.000     3.1079  29.525037    32.2875    25.7110 0.0000e+00
    668.280      3.000     3.1062  29.523484    32.2879    25.7114 0.0000e+00
    681.890      2.000     3.1023  29.519861    32.2879    25.7118 0.0000e+00
    688.931      1.000     3.1026  29.452339    32.2066    25.6469 0.0000e+00
