data/seacat/current/bon044.cnv
* Sea-Bird SBE 19plus Data File:
* FileName = C:\Sea-Bird Data\2014\DY1405\Casts\BON044.hex
* Software Version Seasave V 7.22.3
* Temperature SN = 4530
* Conductivity SN = 4530
* System UpLoad Time = May 16 2014 00:03:17
* Real-Time Sample Interval = 0.2500 seconds
* System UTC = May 16 2014 00:03:17
# nquan = 7                                 
# nvalues = 609                         
# units = specified
# name 0 = timeS: Time, Elapsed [seconds]
# name 1 = prdM: Pressure, Strain Gauge [db]
# name 2 = tv290C: Temperature [ITS-90, deg C]
# name 3 = c0mS/cm: Conductivity [mS/cm]
# name 4 = sal00: Salinity, Practical [PSU]
# name 5 = sigma-t00: Density [sigma-t, Kg/m^3 ]
# name 6 = flag: flag
# span 0 =    401.017,   2083.272       
# span 1 =      1.000,    305.000       
# span 2 =     3.6493,     6.8228       
# span 3 =  26.094615,  32.847252       
# span 4 =    25.2081,    33.2997       
# span 5 =    19.7373,    26.4418       
# span 6 = 0.0000e+00, 0.0000e+00       
# interval = decibars: 1                
# start_time = May 16 2014 00:03:17 [System UTC, header]
# bad_flag = -9.990e-29
*END*
[from data line 206]
    810.331    207.000     3.8382  30.883225    33.0713    26.2681 0.0000e+00
    812.052    208.000     3.8362  30.882488    33.0720    26.2688 0.0000e+00
    813.910    209.000     3.8333  30.881500    33.0732    26.2700 0.0000e+00
    815.740    210.000     3.8261  30.877537    33.0753    26.2724 0.0000e+00
    817.576    211.000     3.8129  30.868747    33.0777    26.2756 0.0000e+00
    819.371    212.000     3.8024  30.862463    33.0803    26.2787 0.0000e+00
    821.116    213.000     3.7964  30.859337    33.0822    26.2807 0.0000e+00
    822.993    214.000     3.7799  30.846923    33.0836    26.2835 0.0000e+00
    824.887    215.000     3.7394  30.811934    33.0825    26.2865 0.0000e+00
    826.621    216.000     3.7086  30.785516    33.0818    26.2889 0.0000e+00
    828.298    217.000     3.6851  30.765535    33.0813    26.2908 0.0000e+00
    830.027    218.000     3.6635  30.747565    33.0813    26.2928 0.0000e+00
    831.824    219.000     3.6505  30.737402    33.0818    26.2945 0.0000e+00
    833.571    220.000     3.6525  30.742010    33.0847    26.2967 0.0000e+00
    835.211    221.000     3.6613  30.754678    33.0904    26.3003 0.0000e+00
    836.835    222.000     3.6577  30.755150    33.0941    26.3036 0.0000e+00
    838.459    223.000     3.6524  30.752810    33.0961    26.3058 0.0000e+00
    840.109    224.000     3.6515  30.754196    33.0982    26.3075 0.0000e+00
    841.766    225.000     3.6687  30.771952    33.1014    26.3084 0.0000e+00
    843.406    226.000     3.7093  30.811546    33.1068    26.3088 0.0000e+00
    845.031    227.000     3.7937  30.894615    33.1195    26.3107 0.0000e+00
    846.671    228.000     3.9031  31.009249    33.1441    26.3196 0.0000e+00
    848.330    229.000     3.9308  31.036064    33.1473    26.3194 0.0000e+00
    850.011    230.000     3.9408  31.046927    33.1495    26.3201 0.0000e+00
    851.699    231.000     3.9395  31.047441    33.1509    26.3214 0.0000e+00
    853.276    232.000     3.9071  31.018928    33.1494    26.3234 0.0000e+00
    854.870    233.000     3.8751  30.991623    33.1489    26.3262 0.0000e+00
    856.612    234.000     3.8397  30.961726    33.1488    26.3296 0.0000e+00
    858.298    235.000     3.7941  30.920570    33.1457    26.3315 0.0000e+00
    859.867    236.000     3.7886  30.916951    33.1464    26.3327 0.0000e+00
    861.494    237.000     3.7982  30.926882    33.1480    26.3330 0.0000e+00
    863.166    238.000     3.8159  30.944861    33.1509    26.3335 0.0000e+00
    864.747    239.000     3.8331  30.962158    33.1534    26.3339 0.0000e+00
    866.304    240.000     3.8531  30.981971    33.1561    26.3341 0.0000e+00
    867.982    241.000     3.8835  31.013823    33.1626    26.3362 0.0000e+00
    869.710    242.000     3.8865  31.017891    33.1638    26.3369 0.0000e+00
    871.275    243.000     3.9004  31.033924    33.1682    26.3390 0.0000e+00
    872.808    244.000     3.9147  31.049535    33.1717    26.3404 0.0000e+00
    874.471    245.000     3.9175  31.053015    33.1725    26.3407 0.0000e+00
    876.197    246.000     3.9228  31.059937    33.1748    26.3420 0.0000e+00
    877.756    247.000     3.9283  31.066664    33.1766    26.3430 0.0000e+00
    879.254    248.000     3.9303  31.069592    33.1776    26.3435 0.0000e+00
    880.897    249.000     3.9297  31.069945    33.1781    26.3440 0.0000e+00
    882.655    250.000     3.9297  31.071162    33.1790    26.3447 0.0000e+00
    884.286    251.000     3.9313  31.074686    33.1810    26.3462 0.0000e+00
    885.789    252.000     3.9308  31.076671    33.1833    26.3481 0.0000e+00
    887.370    253.000     3.9278  31.075487    33.1845    26.3492 0.0000e+00
    889.121    254.000     3.9257  31.074279    33.1846    26.3496 0.0000e+00
    890.745    255.000     3.9239  31.073448    33.1850    26.3500 0.0000e+00
    892.285    256.000     3.9221  31.072374    33.1850    26.3502 0.0000e+00
    893.954    257.000     3.9207  31.071676    33.1851    26.3504 0.0000e+00
    895.651    258.000     3.9199  31.071504    33.1852    26.3506 0.0000e+00
    897.249    259.000     3.9164  31.069045    33.1853    26.3510 0.0000e+00
    898.799    260.000     3.9091  31.063272    33.1853    26.3518 0.0000e+00
    900.366    261.000     3.8856  31.042477    33.1840    26.3530 0.0000e+00
    901.942    262.000     3.8519  31.011893    33.1814    26.3543 0.0000e+00
    903.516    263.000     3.8328  30.995615    33.1809    26.3558 0.0000e+00
    905.093    264.000     3.8180  30.983345    33.1809    26.3572 0.0000e+00
    906.731    265.000     3.7939  30.962438    33.1800    26.3588 0.0000e+00
    908.398    266.000     3.7682  30.939680    33.1785    26.3602 0.0000e+00
    909.966    267.000     3.7764  30.950837    33.1829    26.3629 0.0000e+00
    911.466    268.000     3.7950  30.972777    33.1896    26.3664 0.0000e+00
    913.142    269.000     3.8174  30.996109    33.1940    26.3677 0.0000e+00
    914.914    270.000     3.8830  31.062531    33.2057    26.3706 0.0000e+00
    916.524    271.000     3.9483  31.128906    33.2175    26.3735 0.0000e+00
    918.074    272.000     3.9961  31.177832    33.2264    26.3758 0.0000e+00
    919.788    273.000     4.0206  31.203141    33.2310    26.3770 0.0000e+00
    921.612    274.000     4.0259  31.209514    33.2326    26.3777 0.0000e+00
    923.313    275.000     4.0226  31.208378    33.2341    26.3793 0.0000e+00
    924.945    276.000     4.0077  31.196782    33.2350    26.3815 0.0000e+00
    926.618    277.000     3.9829  31.176768    33.2359    26.3847 0.0000e+00
    928.346    278.000     3.9596  31.156725    33.2353    26.3865 0.0000e+00
    930.092    279.000     3.9506  31.150340    33.2364    26.3883 0.0000e+00
    931.784    280.000     3.9290  31.131696    33.2357    26.3899 0.0000e+00
    933.468    281.000     3.8601  31.070073    33.2321    26.3938 0.0000e+00
    935.209    282.000     3.7997  31.017198    33.2302    26.3982 0.0000e+00
    936.864    283.000     3.7714  30.993583    33.2304    26.4012 0.0000e+00
    938.353    284.000     3.7646  30.988927    33.2313    26.4025 0.0000e+00
    939.843    285.000     3.7720  30.998351    33.2344    26.4043 0.0000e+00
    941.555    286.000     3.7861  31.014984    33.2393    26.4068 0.0000e+00
    943.335    287.000     3.7921  31.021827    33.2408    26.4074 0.0000e+00
    944.838    288.000     3.7957  31.025963    33.2416    26.4077 0.0000e+00
    946.223    289.000     3.8014  31.032854    33.2434    26.4086 0.0000e+00
    947.762    290.000     3.8046  31.036895    33.2444    26.4091 0.0000e+00
    949.486    291.000     3.8089  31.042467    33.2462    26.4100 0.0000e+00
    951.080    292.000     3.8184  31.052739    33.2482    26.4107 0.0000e+00
    952.585    293.000     3.8437  31.078760    33.2528    26.4119 0.0000e+00
    954.193    294.000     3.8825  31.120876    33.2628    26.4160 0.0000e+00
    955.879    295.000     3.9019  31.143736    33.2697    26.4196 0.0000e+00
    957.397    296.000     3.9101  31.153603    33.2725    26.4210 0.0000e+00
    958.831    297.000     3.9243  31.169453    33.2763    26.4227 0.0000e+00
    960.371    298.000     3.9552  31.204435    33.2858    26.4271 0.0000e+00
    962.110    299.000     3.9831  31.235306    33.2935    26.4304 0.0000e+00
    963.778    300.000     3.9912  31.245351    33.2966    26.4321 0.0000e+00
    965.369    301.000     3.9789  31.237813    33.2997    26.4358 0.0000e+00
    967.090    302.000     3.9348  31.199105    33.2981    26.4390 0.0000e+00
    968.802    303.000     3.8943  31.162531    33.2955    26.4409 0.0000e+00
    970.577    304.000     3.8786  31.148829    33.2947    26.4418 0.0000e+00
    981.410    305.000     3.8716  31.142456    33.2937    26.4417 0.0000e+00
    982.781    304.000     3.8766  31.146567    33.2940    26.4415 0.0000e+00
    985.012    303.000     3.8883  31.156783    33.2948    26.4409 0.0000e+00
    987.896    302.000     3.9155  31.181009    33.2963    26.4394 0.0000e+00
    990.485    301.000     3.9624  31.222621    33.2984    26.4365 0.0000e+00
    993.165    300.000     3.9857  31.240881    33.2969    26.4329 0.0000e+00
    995.942    299.000     3.9818  31.234650    33.2940    26.4310 0.0000e+00
    998.688    298.000     3.9539  31.203947    33.2866    26.4279 0.0000e+00
   1001.827    297.000     3.9192  31.165035    33.2763    26.4231 0.0000e+00
   1005.054    296.000     3.9060  31.149344    33.2716    26.4207 0.0000e+00
   1008.451    295.000     3.8954  31.135787    33.2669    26.4180 0.0000e+00
   1011.656    294.000     3.8683  31.105599    33.2591    26.4145 0.0000e+00
   1014.755    293.000     3.8309  31.066531    33.2513    26.4120 0.0000e+00
   1018.238    292.000     3.8122  31.046748    33.2474    26.4107 0.0000e+00
   1021.317    291.000     3.8068  31.040275    33.2457    26.4099 0.0000e+00
   1024.262    290.000     3.8039  31.036273    33.2444    26.4091 0.0000e+00
   1027.236    289.000     3.7973  31.028640    33.2426    26.4083 0.0000e+00
   1030.584    288.000     3.7920  31.022333    33.2410    26.4076 0.0000e+00
   1033.619    287.000     3.7868  31.015926    33.2392    26.4067 0.0000e+00
   1036.662    286.000     3.7675  30.993178    33.2323    26.4031 0.0000e+00
   1040.028    285.000     3.7630  30.986692    33.2297    26.4014 0.0000e+00
   1043.164    284.000     3.7744  30.995128    33.2287    26.3995 0.0000e+00
   1046.705    283.000     3.8033  31.018660    33.2278    26.3960 0.0000e+00
   1049.727    282.000     3.8674  31.075615    33.2308    26.3920 0.0000e+00
   1053.065    281.000     3.9124  31.115067    33.2324    26.3889 0.0000e+00
   1056.562    280.000     3.9242  31.124729    33.2323    26.3877 0.0000e+00
   1059.669    279.000     3.9552  31.152066    33.2338    26.3857 0.0000e+00
   1062.975    278.000     3.9948  31.187448    33.2360    26.3835 0.0000e+00
   1066.254    277.000     4.0319  31.220697    33.2382    26.3816 0.0000e+00
   1069.468    276.000     4.0327  31.218624    33.2354    26.3793 0.0000e+00
   1072.774    275.000     4.0213  31.206059    33.2327    26.3783 0.0000e+00
   1075.872    274.000     3.9945  31.178836    33.2282    26.3774 0.0000e+00
   1079.177    273.000     3.9094  31.093637    33.2142    26.3747 0.0000e+00
   1082.641    272.000     3.8363  31.020015    33.2016    26.3719 0.0000e+00
   1085.268    271.000     3.8143  30.997114    33.1973    26.3706 0.0000e+00
   1088.231    270.000     3.7646  30.944247    33.1855    26.3661 0.0000e+00
   1090.913    269.000     3.7419  30.919452    33.1796    26.3636 0.0000e+00
   1093.823    268.000     3.7342  30.910723    33.1776    26.3627 0.0000e+00
   1096.676    267.000     3.7338  30.908419    33.1757    26.3613 0.0000e+00
   1099.393    266.000     3.7705  30.941512    33.1783    26.3598 0.0000e+00
   1102.397    265.000     3.8068  30.974362    33.1810    26.3584 0.0000e+00
   1105.303    264.000     3.8247  30.990653    33.1827    26.3580 0.0000e+00
   1108.033    263.000     3.8363  31.000860    33.1836    26.3576 0.0000e+00
   1111.191    262.000     3.8447  31.007389    33.1833    26.3565 0.0000e+00
   1114.047    261.000     3.8538  31.014500    33.1831    26.3554 0.0000e+00
   1117.057    260.000     3.8578  31.017326    33.1829    26.3549 0.0000e+00
   1120.198    259.000     3.8896  31.045307    33.1843    26.3529 0.0000e+00
   1123.249    258.000     3.9146  31.067504    33.1858    26.3516 0.0000e+00
   1126.226    257.000     3.9172  31.069733    33.1863    26.3518 0.0000e+00
   1129.310    256.000     3.9198  31.071615    33.1864    26.3516 0.0000e+00
   1132.640    255.000     3.9216  31.072682    33.1864    26.3514 0.0000e+00
   1135.564    254.000     3.9234  31.073780    33.1864    26.3512 0.0000e+00
   1138.348    253.000     3.9249  31.074417    33.1861    26.3509 0.0000e+00
   1141.289    252.000     3.9258  31.074079    33.1853    26.3501 0.0000e+00
   1143.815    251.000     3.9279  31.073376    33.1829    26.3480 0.0000e+00
   1146.644    250.000     3.9312  31.074671    33.1816    26.3466 0.0000e+00
   1149.370    249.000     3.9289  31.070528    33.1796    26.3452 0.0000e+00
   1152.052    248.000     3.9270  31.067709    33.1787    26.3447 0.0000e+00
   1154.745    247.000     3.9216  31.061740    33.1776    26.3444 0.0000e+00
   1157.388    246.000     3.9047  31.044215    33.1745    26.3436 0.0000e+00
   1160.720    245.000     3.8942  31.033770    33.1733    26.3437 0.0000e+00
   1163.811    244.000     3.8500  30.987690    33.1640    26.3406 0.0000e+00
   1166.312    243.000     3.7885  30.923386    33.1505    26.3359 0.0000e+00
   1169.240    242.000     3.7745  30.909160    33.1484    26.3356 0.0000e+00
   1171.934    241.000     3.7705  30.904540    33.1475    26.3352 0.0000e+00
   1174.626    240.000     3.7673  30.900864    33.1469    26.3351 0.0000e+00
   1177.356    239.000     3.7669  30.899832    33.1466    26.3349 0.0000e+00
   1180.042    238.000     3.7666  30.898854    33.1462    26.3346 0.0000e+00
   1182.967    237.000     3.7674  30.899028    33.1461    26.3345 0.0000e+00
   1185.568    236.000     3.7723  30.902753    33.1461    26.3340 0.0000e+00
   1188.530    235.000     3.8082  30.933966    33.1473    26.3314 0.0000e+00
   1191.875    234.000     3.8735  30.991992    33.1505    26.3276 0.0000e+00
   1195.235    233.000     3.8956  31.009211    33.1490    26.3242 0.0000e+00
   1198.496    232.000     3.9255  31.035763    33.1507    26.3226 0.0000e+00
   1201.788    231.000     3.9306  31.040154    33.1513    26.3226 0.0000e+00
   1205.065    230.000     3.9215  31.031234    33.1504    26.3228 0.0000e+00
   1207.591    229.000     3.8430  30.950993    33.1354    26.3185 0.0000e+00
   1210.796    228.000     3.7291  30.834603    33.1131    26.3119 0.0000e+00
   1213.529    227.000     3.7066  30.812661    33.1103    26.3119 0.0000e+00
   1216.603    226.000     3.6986  30.804046    33.1087    26.3113 0.0000e+00
   1219.416    225.000     3.6636  30.767090    33.1007    26.3084 0.0000e+00
   1222.472    224.000     3.6530  30.756162    33.0990    26.3080 0.0000e+00
   1225.906    223.000     3.6564  30.757483    33.0977    26.3066 0.0000e+00
   1228.610    222.000     3.6624  30.758761    33.0936    26.3028 0.0000e+00
   1231.728    221.000     3.6493  30.739336    33.0843    26.2966 0.0000e+00
   1234.945    220.000     3.6634  30.748238    33.0811    26.2927 0.0000e+00
   1237.936    219.000     3.6890  30.769721    33.0813    26.2904 0.0000e+00
   1241.038    218.000     3.7083  30.785881    33.0815    26.2887 0.0000e+00
   1244.097    217.000     3.7355  30.808938    33.0818    26.2864 0.0000e+00
   1247.526    216.000     3.7798  30.847163    33.0829    26.2830 0.0000e+00
   1251.188    215.000     3.7927  30.856706    33.0817    26.2808 0.0000e+00
   1255.016    214.000     3.7949  30.856856    33.0802    26.2793 0.0000e+00
   1258.583    213.000     3.8024  30.861861    33.0791    26.2777 0.0000e+00
   1261.820    212.000     3.8075  30.864992    33.0782    26.2765 0.0000e+00
   1264.796    211.000     3.8082  30.864892    33.0778    26.2762 0.0000e+00
   1268.238    210.000     3.8151  30.868687    33.0759    26.2739 0.0000e+00
   1271.384    209.000     3.8312  30.879333    33.0728    26.2699 0.0000e+00
   1274.498    208.000     3.8353  30.881447    33.0716    26.2686 0.0000e+00
   1277.643    207.000     3.8370  30.882171    33.0713    26.2682 0.0000e+00
   1281.341    206.000     3.8414  30.884308    33.0699    26.2666 0.0000e+00
   1284.669    205.000     3.8462  30.886707    33.0684    26.2650 0.0000e+00
   1287.963    204.000     3.8543  30.891101    33.0660    26.2622 0.0000e+00
   1291.436    203.000     3.8647  30.896572    33.0625    26.2584 0.0000e+00
   1294.864    202.000     3.8688  30.898327    33.0609    26.2568 0.0000e+00
   1298.424    201.000     3.8725  30.899851    33.0595    26.2553 0.0000e+00
   1301.718    200.000     3.8765  30.901065    33.0574    26.2533 0.0000e+00
