data/seacat/current/bon025.cnv
* Sea-Bird SBE 19plus Data File:
* FileName = C:\Sea-Bird Data\2014\DY1405\Casts\BON025.hex
* Software Version Seasave V 7.22.3
* Temperature SN = 4530
* Conductivity SN = 4530
* System UpLoad Time = May 10 2014 15:15:52
* Real-Time Sample Interval = 0.2500 seconds
* System UTC = May 10 2014 15:15:52
# nquan = 7                                 
# nvalues = 121                         
# units = specified
# name 0 = timeS: Time, Elapsed [seconds]
# name 1 = prdM: Pressure, Strain Gauge [db]
# name 2 = tv290C: Temperature [ITS-90, deg C]
# name 3 = c0mS/cm: Conductivity [mS/cm]
# name 4 = sal00: Salinity, Practical [PSU]
# name 5 = sigma-t00: Density [sigma-t, Kg/m^3 ]
# name 6 = flag: flag
# span 0 =    227.149,    637.804       
# span 1 =      1.000,     61.000       
# span 2 =     2.3053,     3.7623       
# span 3 =  16.926088,  30.065641       
# span 4 =    17.2108,    32.4814       
# span 5 =    13.6779,    25.8247       
# span 6 = 0.0000e+00, 0.0000e+00       
# interval = decibars: 1                
# start_time = May 10 2014 15:15:52 [System UTC, header]
# bad_flag = -9.990e-29
*END*
    227.149      1.000     3.7623  16.926088    17.2108    13.6779 0.0000e+00
    228.226      2.000     3.5554  27.981100    30.0131    23.8608 0.0000e+00
    233.430      3.000     3.5635  30.065641    32.4814    25.8247 0.0000e+00
    239.035      4.000     3.5721  29.838404    32.2012    25.6008 0.0000e+00
    241.250      5.000     3.5300  29.802254    32.1993    25.6031 0.0000e+00
    243.377      6.000     3.5543  29.824804    32.2016    25.6027 0.0000e+00
    246.009      7.000     3.5795  29.855155    32.2123    25.6089 0.0000e+00
    247.580      8.000     3.6150  29.867927    32.1918    25.5893 0.0000e+00
    249.257      9.000     3.6160  29.871775    32.1949    25.5917 0.0000e+00
    251.872     10.000     3.5842  29.869356    32.2230    25.6170 0.0000e+00
    254.244     11.000     3.5732  29.882824    32.2494    25.6391 0.0000e+00
    255.793     12.000     3.6089  29.891459    32.2238    25.6154 0.0000e+00
    257.645     13.000     3.6406  29.891705    32.1922    25.5873 0.0000e+00
    259.995     14.000     3.5990  29.894365    32.2360    25.6260 0.0000e+00
    261.872     15.000     3.5827  29.903537    32.2626    25.6487 0.0000e+00
    264.499     16.000     3.5503  29.885679    32.2729    25.6599 0.0000e+00
    266.917     17.000     3.5021  29.825068    32.2479    25.6444 0.0000e+00
    268.839     18.000     3.3910  29.686784    32.1923    25.6102 0.0000e+00
    271.478     19.000     3.3171  29.625481    32.1918    25.6163 0.0000e+00
    274.023     20.000     3.2212  29.556958    32.2044    25.6348 0.0000e+00
    276.027     21.000     3.1318  29.486144    32.2077    25.6453 0.0000e+00
    278.508     22.000     3.0642  29.432343    32.2097    25.6527 0.0000e+00
    280.908     23.000     3.0223  29.404081    32.2169    25.6620 0.0000e+00
    283.206     24.000     2.9933  29.384011    32.2211    25.6678 0.0000e+00
    286.080     25.000     2.9553  29.353789    32.2220    25.6718 0.0000e+00
    287.454     26.000     2.9533  29.355602    32.2257    25.6749 0.0000e+00
    290.173     27.000     2.9519  29.355868    32.2269    25.6759 0.0000e+00
    293.024     28.000     2.9620  29.367520    32.2303    25.6779 0.0000e+00
    294.515     29.000     2.9789  29.386249    32.2356    25.6806 0.0000e+00
    296.389     30.000     2.9868  29.396020    32.2390    25.6826 0.0000e+00
    299.443     31.000     2.9510  29.368851    32.2414    25.6876 0.0000e+00
    301.933     32.000     2.9281  29.356426    32.2488    25.6954 0.0000e+00
    303.414     33.000     2.9522  29.383395    32.2568    25.6998 0.0000e+00
    305.198     34.000     2.8901  29.344801    32.2717    25.7169 0.0000e+00
    307.659     35.000     2.5812  29.109581    32.2954    25.7611 0.0000e+00
    310.502     36.000     2.4271  28.994352    32.3094    25.7844 0.0000e+00
    312.192     37.000     2.3788  28.957413    32.3123    25.7905 0.0000e+00
    313.706     38.000     2.3430  28.929704    32.3140    25.7946 0.0000e+00
    316.058     39.000     2.3246  28.915278    32.3143    25.7962 0.0000e+00
    319.030     40.000     2.3211  28.912111    32.3134    25.7958 0.0000e+00
    320.681     41.000     2.3174  28.909480    32.3134    25.7961 0.0000e+00
    322.060     42.000     2.3141  28.907066    32.3132    25.7962 0.0000e+00
    324.902     43.000     2.3125  28.905971    32.3130    25.7961 0.0000e+00
    328.194     44.000     2.3118  28.905267    32.3123    25.7956 0.0000e+00
    329.049     45.000     2.3113  28.904920    32.3118    25.7952 0.0000e+00
    330.036     46.000     2.3105  28.904256    32.3113    25.7949 0.0000e+00
    333.592     47.000     2.3089  28.904463    32.3126    25.7961 0.0000e+00
    336.655     48.000     2.3064  28.902685    32.3124    25.7961 0.0000e+00
    337.726     49.000     2.3056  28.902568    32.3125    25.7963 0.0000e+00
    338.765     50.000     2.3053  28.902788    32.3126    25.7963 0.0000e+00
    341.652     51.000     2.3057  28.903349    32.3123    25.7961 0.0000e+00
    345.334     52.000     2.3058  28.903735    32.3122    25.7959 0.0000e+00
    346.273     53.000     2.3058  28.904070    32.3120    25.7958 0.0000e+00
    347.326     54.000     2.3058  28.904607    32.3121    25.7959 0.0000e+00
    349.491     55.000     2.3058  28.905117    32.3122    25.7960 0.0000e+00
    353.285     56.000     2.3058  28.905635    32.3123    25.7961 0.0000e+00
    354.892     57.000     2.3054  28.905690    32.3123    25.7961 0.0000e+00
    356.113     58.000     2.3060  28.906798    32.3125    25.7962 0.0000e+00
    357.528     59.000     2.3069  28.908120    32.3127    25.7963 0.0000e+00
    360.954     60.000     2.3080  28.909370    32.3126    25.7961 0.0000e+00
    366.422     61.000     2.3082  28.910013    32.3126    25.7961 0.0000e+00
    373.153     60.000     2.3072  28.908674    32.3125    25.7961 0.0000e+00
    377.814     59.000     2.3072  28.908242    32.3125    25.7961 0.0000e+00
    379.322     58.000     2.3070  28.907654    32.3125    25.7961 0.0000e+00
    384.144     57.000     2.3072  28.907339    32.3125    25.7961 0.0000e+00
    386.943     56.000     2.3067  28.906492    32.3125    25.7961 0.0000e+00
    390.618     55.000     2.3061  28.905543    32.3125    25.7962 0.0000e+00
    394.041     54.000     2.3060  28.904934    32.3123    25.7961 0.0000e+00
    398.745     53.000     2.3057  28.904333    32.3125    25.7962 0.0000e+00
    402.724     52.000     2.3058  28.904002    32.3125    25.7962 0.0000e+00
    408.156     51.000     2.3056  28.903479    32.3126    25.7963 0.0000e+00
    411.568     50.000     2.3055  28.902810    32.3124    25.7962 0.0000e+00
    416.133     49.000     2.3056  28.902454    32.3124    25.7961 0.0000e+00
    420.740     48.000     2.3063  28.902405    32.3122    25.7959 0.0000e+00
    424.425     47.000     2.3076  28.902972    32.3121    25.7957 0.0000e+00
    428.614     46.000     2.3065  28.901853    32.3124    25.7961 0.0000e+00
    432.478     45.000     2.3059  28.900918    32.3124    25.7961 0.0000e+00
    436.366     44.000     2.3063  28.900696    32.3122    25.7960 0.0000e+00
    442.325     43.000     2.3092  28.902455    32.3120    25.7955 0.0000e+00
    447.061     42.000     2.3123  28.904480    32.3119    25.7952 0.0000e+00
    451.450     41.000     2.3189  28.908863    32.3111    25.7941 0.0000e+00
    456.475     40.000     2.3355  28.921269    32.3101    25.7920 0.0000e+00
    461.779     39.000     2.3967  28.966821    32.3047    25.7830 0.0000e+00
    466.309     38.000     2.4486  29.005400    32.3001    25.7753 0.0000e+00
    469.847     37.000     2.5794  29.099987    32.2844    25.7524 0.0000e+00
    474.565     36.000     2.9654  29.393625    32.2543    25.6967 0.0000e+00
    478.815     35.000     2.9563  29.387614    32.2567    25.6994 0.0000e+00
    484.326     34.000     2.9476  29.375685    32.2515    25.6959 0.0000e+00
    487.853     33.000     2.9126  29.341198    32.2453    25.6939 0.0000e+00
    492.030     32.000     2.9290  29.348163    32.2378    25.6866 0.0000e+00
    495.096     31.000     2.9511  29.365129    32.2368    25.6839 0.0000e+00
    499.308     30.000     2.9450  29.356582    32.2331    25.6815 0.0000e+00
    503.477     29.000     2.9401  29.349354    32.2297    25.6792 0.0000e+00
    508.079     28.000     2.9623  29.367245    32.2297    25.6773 0.0000e+00
    512.605     27.000     2.9722  29.373760    32.2282    25.6753 0.0000e+00
    516.151     26.000     2.9743  29.372985    32.2257    25.6731 0.0000e+00
    520.909     25.000     2.9706  29.368082    32.2240    25.6721 0.0000e+00
    524.090     24.000     2.9709  29.366444    32.2223    25.6706 0.0000e+00
    527.816     23.000     2.9829  29.376296    32.2227    25.6700 0.0000e+00
    532.486     22.000     2.9785  29.370060    32.2201    25.6683 0.0000e+00
    535.615     21.000     3.0002  29.383227    32.2148    25.6622 0.0000e+00
    539.710     20.000     3.0361  29.411639    32.2138    25.6584 0.0000e+00
    543.863     19.000     3.0653  29.428454    32.2055    25.6492 0.0000e+00
    547.438     18.000     3.1167  29.470005    32.2049    25.6443 0.0000e+00
    551.884     17.000     3.1510  29.496786    32.2035    25.6402 0.0000e+00
    556.380     16.000     3.2557  29.576402    32.1955    25.6247 0.0000e+00
    561.459     15.000     3.3315  29.631019    32.1862    25.6106 0.0000e+00
    564.932     14.000     3.3719  29.662398    32.1842    25.6054 0.0000e+00
    568.697     13.000     3.3992  29.683300    32.1826    25.6017 0.0000e+00
    572.403     12.000     3.4337  29.708391    32.1789    25.5957 0.0000e+00
    577.820     11.000     3.4551  29.722858    32.1755    25.5910 0.0000e+00
    582.012     10.000     3.4700  29.731903    32.1721    25.5869 0.0000e+00
    587.437      9.000     3.4671  29.730225    32.1735    25.5883 0.0000e+00
    591.205      8.000     3.4649  29.728522    32.1742    25.5890 0.0000e+00
    597.266      7.000     3.4715  29.732373    32.1727    25.5873 0.0000e+00
    602.576      6.000     3.4714  29.731910    32.1728    25.5874 0.0000e+00
    608.013      5.000     3.4715  29.731666    32.1729    25.5875 0.0000e+00
    611.778      4.000     3.4717  29.731329    32.1729    25.5874 0.0000e+00
    624.526      3.000     3.4721  29.731083    32.1727    25.5872 0.0000e+00
    637.804      2.000     3.4733  29.732016    32.1731    25.5875 0.0000e+00
    637.432      1.000     3.4715  29.726304    32.1686    25.5840 0.0000e+00
