data/seacat/current/bon012.cnv
* Sea-Bird SBE 19plus Data File:
* FileName = C:\Sea-Bird Data\2014\DY1405\Casts\BON012.hex
* Software Version Seasave V 7.22.3
* Temperature SN = 4530
* Conductivity SN = 4530
* System UpLoad Time = May 08 2014 14:45:32
* Real-Time Sample Interval = 0.2500 seconds
* System UTC = May 08 2014 14:45:32
# nquan = 7                                 
# nvalues = 319                         
# units = specified
# name 0 = timeS: Time, Elapsed [seconds]
# name 1 = prdM: Pressure, Strain Gauge [db]
# name 2 = tv290C: Temperature [ITS-90, deg C]
# name 3 = c0mS/cm: Conductivity [mS/cm]
# name 4 = sal00: Salinity, Practical [PSU]
# name 5 = sigma-t00: Density [sigma-t, Kg/m^3 ]
# name 6 = flag: flag
# span 0 =    494.540,   1638.431       
# span 1 =      1.000,    160.000       
# span 2 =     3.7585,     4.8467       
# span 3 =  27.544013,  31.529359       
# span 4 =    28.4538,    33.1761       
# span 5 =    22.5154,    26.3592       
# span 6 = 0.0000e+00, 0.0000e+00       
# interval = decibars: 1                
# start_time = May 08 2014 14:45:32 [System UTC, header]
# bad_flag = -9.990e-29
*END*
[from data line 206]
   1105.408    113.000     3.9173  30.782506    32.9212    26.1409 0.0000e+00
   1112.905    112.000     3.9175  30.781856    32.9208    26.1405 0.0000e+00
   1120.507    111.000     3.9175  30.781417    32.9208    26.1405 0.0000e+00
   1128.307    110.000     3.9178  30.780809    32.9203    26.1401 0.0000e+00
   1136.630    109.000     3.9207  30.779065    32.9158    26.1363 0.0000e+00
   1144.172    108.000     3.9243  30.777043    32.9103    26.1316 0.0000e+00
   1151.804    107.000     3.9263  30.775803    32.9074    26.1290 0.0000e+00
   1158.622    106.000     3.9276  30.774990    32.9056    26.1275 0.0000e+00
   1164.639    105.000     3.9290  30.774008    32.9036    26.1257 0.0000e+00
   1170.123    104.000     3.9316  30.771177    32.8981    26.1211 0.0000e+00
   1174.965    103.000     3.9364  30.769844    32.8923    26.1160 0.0000e+00
   1180.181    102.000     3.9468  30.764704    32.8763    26.1022 0.0000e+00
   1185.034    101.000     3.9623  30.760030    32.8557    26.0844 0.0000e+00
   1189.807    100.000     3.9743  30.757261    32.8409    26.0714 0.0000e+00
   1194.275     99.000     3.9855  30.753827    32.8261    26.0586 0.0000e+00
   1198.719     98.000     3.9965  30.751973    32.8135    26.0474 0.0000e+00
   1203.458     97.000     3.9955  30.751999    32.8150    26.0487 0.0000e+00
   1207.956     96.000     4.0008  30.750786    32.8088    26.0433 0.0000e+00
   1213.919     95.000     4.0083  30.750045    32.8009    26.0363 0.0000e+00
   1221.011     94.000     4.0111  30.749585    32.7981    26.0337 0.0000e+00
   1227.975     93.000     4.0133  30.749058    32.7958    26.0317 0.0000e+00
   1234.534     92.000     4.0158  30.748519    32.7932    26.0294 0.0000e+00
   1240.114     91.000     4.0155  30.747550    32.7928    26.0291 0.0000e+00
   1246.012     90.000     4.0167  30.747007    32.7915    26.0280 0.0000e+00
   1252.274     89.000     4.0182  30.746625    32.7901    26.0267 0.0000e+00
   1257.903     88.000     4.0196  30.746894    32.7895    26.0261 0.0000e+00
   1263.904     87.000     4.0275  30.742476    32.7769    26.0153 0.0000e+00
   1269.289     86.000     4.0512  30.730870    32.7401    25.9836 0.0000e+00
   1274.401     85.000     4.0586  30.728590    32.7305    25.9753 0.0000e+00
   1280.364     84.000     4.0644  30.726618    32.7229    25.9687 0.0000e+00
   1286.877     83.000     4.0698  30.725175    32.7164    25.9629 0.0000e+00
   1292.404     82.000     4.0838  30.719260    32.6960    25.9453 0.0000e+00
   1297.774     81.000     4.1001  30.712269    32.6720    25.9247 0.0000e+00
   1301.542     80.000     4.1091  30.708071    32.6586    25.9131 0.0000e+00
   1305.152     79.000     4.1193  30.703049    32.6431    25.8997 0.0000e+00
   1307.971     78.000     4.1336  30.699131    32.6248    25.8838 0.0000e+00
   1312.390     77.000     4.1495  30.694803    32.6044    25.8660 0.0000e+00
   1316.732     76.000     4.1650  30.691302    32.5854    25.8494 0.0000e+00
   1321.262     75.000     4.1820  30.690504    32.5682    25.8339 0.0000e+00
   1325.983     74.000     4.1958  30.691199    32.5558    25.8227 0.0000e+00
   1330.163     73.000     4.2097  30.691261    32.5426    25.8109 0.0000e+00
   1334.160     72.000     4.2219  30.691600    32.5315    25.8008 0.0000e+00
   1338.106     71.000     4.2581  30.694923    32.5001    25.7722 0.0000e+00
   1341.877     70.000     4.3144  30.700908    32.4521    25.7283 0.0000e+00
   1345.838     69.000     4.3429  30.706025    32.4305    25.7083 0.0000e+00
   1348.942     68.000     4.3523  30.707976    32.4240    25.7022 0.0000e+00
   1352.455     67.000     4.3612  30.709676    32.4178    25.6963 0.0000e+00
   1355.667     66.000     4.3692  30.710950    32.4119    25.6908 0.0000e+00
   1358.689     65.000     4.3789  30.713060    32.4053    25.6846 0.0000e+00
   1361.841     64.000     4.3837  30.713622    32.4018    25.6813 0.0000e+00
   1365.037     63.000     4.3900  30.714416    32.3970    25.6769 0.0000e+00
   1368.404     62.000     4.3975  30.715981    32.3920    25.6721 0.0000e+00
   1371.432     61.000     4.4010  30.716444    32.3896    25.6699 0.0000e+00
   1374.796     60.000     4.4033  30.716696    32.3882    25.6685 0.0000e+00
   1377.362     59.000     4.4044  30.716696    32.3876    25.6679 0.0000e+00
   1380.723     58.000     4.4052  30.716525    32.3871    25.6674 0.0000e+00
   1383.625     57.000     4.4065  30.716479    32.3863    25.6667 0.0000e+00
   1386.554     56.000     4.4078  30.716565    32.3856    25.6660 0.0000e+00
   1389.588     55.000     4.4092  30.716619    32.3848    25.6652 0.0000e+00
   1392.586     54.000     4.4106  30.716627    32.3840    25.6644 0.0000e+00
   1395.294     53.000     4.4125  30.716549    32.3825    25.6630 0.0000e+00
   1398.319     52.000     4.4150  30.716872    32.3809    25.6615 0.0000e+00
   1401.199     51.000     4.4191  30.716904    32.3775    25.6584 0.0000e+00
   1404.289     50.000     4.4300  30.715390    32.3655    25.6477 0.0000e+00
   1407.020     49.000     4.4463  30.714570    32.3491    25.6330 0.0000e+00
   1410.295     48.000     4.4553  30.714253    32.3404    25.6252 0.0000e+00
   1412.899     47.000     4.4610  30.713085    32.3340    25.6195 0.0000e+00
   1416.089     46.000     4.4762  30.709118    32.3150    25.6029 0.0000e+00
   1418.924     45.000     4.4854  30.709494    32.3069    25.5955 0.0000e+00
   1422.131     44.000     4.4894  30.709897    32.3040    25.5928 0.0000e+00
   1424.869     43.000     4.5005  30.710470    32.2943    25.5839 0.0000e+00
   1427.990     42.000     4.5284  30.720892    32.2796    25.5694 0.0000e+00
   1431.437     41.000     4.5566  30.737424    32.2718    25.5603 0.0000e+00
   1434.755     40.000     4.5633  30.742011    32.2711    25.5590 0.0000e+00
   1437.901     39.000     4.5700  30.746727    32.2706    25.5579 0.0000e+00
   1441.187     38.000     4.5713  30.747398    32.2706    25.5577 0.0000e+00
   1443.995     37.000     4.5736  30.748540    32.2702    25.5572 0.0000e+00
   1447.313     36.000     4.5860  30.756954    32.2683    25.5544 0.0000e+00
   1450.410     35.000     4.6084  30.772311    32.2648    25.5493 0.0000e+00
   1453.851     34.000     4.6287  30.783099    32.2580    25.5418 0.0000e+00
   1457.443     33.000     4.6440  30.788997    32.2505    25.5342 0.0000e+00
   1461.121     32.000     4.6500  30.790877    32.2473    25.5310 0.0000e+00
   1465.331     31.000     4.6527  30.791308    32.2457    25.5294 0.0000e+00
   1469.755     30.000     4.6685  30.793667    32.2335    25.5181 0.0000e+00
   1474.192     29.000     4.7218  30.814819    32.2067    25.4912 0.0000e+00
   1479.282     28.000     4.7684  30.836033    32.1864    25.4702 0.0000e+00
   1484.456     27.000     4.7982  30.846979    32.1707    25.4545 0.0000e+00
   1489.917     26.000     4.8021  30.847391    32.1679    25.4519 0.0000e+00
   1495.893     25.000     4.8068  30.848791    32.1654    25.4494 0.0000e+00
   1501.660     24.000     4.8064  30.848802    32.1663    25.4502 0.0000e+00
   1507.730     23.000     4.8059  30.848280    32.1667    25.4506 0.0000e+00
   1514.263     22.000     4.8083  30.848623    32.1653    25.4492 0.0000e+00
   1520.775     21.000     4.8126  30.850732    32.1640    25.4477 0.0000e+00
   1527.553     20.000     4.8163  30.852383    32.1629    25.4464 0.0000e+00
   1534.621     19.000     4.8293  30.858679    32.1580    25.4412 0.0000e+00
   1541.558     18.000     4.8293  30.858288    32.1581    25.4412 0.0000e+00
   1548.425     17.000     4.8323  30.858995    32.1565    25.4396 0.0000e+00
   1554.989     16.000     4.8301  30.858456    32.1585    25.4415 0.0000e+00
   1560.655     15.000     4.8301  30.858280    32.1588    25.4417 0.0000e+00
   1566.967     14.000     4.8291  30.857421    32.1593    25.4422 0.0000e+00
   1571.786     13.000     4.8370  30.859137    32.1541    25.4372 0.0000e+00
   1576.318     12.000     4.8438  30.859428    32.1484    25.4320 0.0000e+00
   1581.320     11.000     4.8450  30.859127    32.1473    25.4310 0.0000e+00
   1585.379     10.000     4.8452  30.859585    32.1482    25.4317 0.0000e+00
   1589.583      9.000     4.8404  30.858079    32.1516    25.4349 0.0000e+00
   1593.994      8.000     4.8441  30.857842    32.1482    25.4318 0.0000e+00
   1597.513      7.000     4.8463  30.857738    32.1465    25.4302 0.0000e+00
   1601.661      6.000     4.8467  30.857320    32.1461    25.4299 0.0000e+00
   1604.896      5.000     4.8463  30.856879    32.1465    25.4302 0.0000e+00
   1609.066      4.000     4.8464  30.856475    32.1464    25.4302 0.0000e+00
   1623.501      3.000     4.8445  30.854367    32.1463    25.4303 0.0000e+00
   1635.247      2.000     4.8446  30.857043    32.1498    25.4330 0.0000e+00
   1638.431      1.000     4.8426  29.551100    30.6519    24.2462 0.0000e+00
