data/seacat/current/bon006.cnv
* Sea-Bird SBE 19plus Data File:
* FileName = C:\Sea-Bird Data\2014\DY1405\Casts\BON006.hex
* Software Version Seasave V 7.22.3
* Temperature SN = 4530
* Conductivity SN = 4530
* System UpLoad Time = May 07 2014 23:21:01
* Real-Time Sample Interval = 0.2500 seconds
* System UTC = May 07 2014 23:21:01
# nquan = 7                                 
# nvalues = 95                          
# units = specified
# name 0 = timeS: Time, Elapsed [seconds]
# name 1 = prdM: Pressure, Strain Gauge [db]
# name 2 = tv290C: Temperature [ITS-90, deg C]
# name 3 = c0mS/cm: Conductivity [mS/cm]
# name 4 = sal00: Salinity, Practical [PSU]
# name 5 = sigma-t00: Density [sigma-t, Kg/m^3 ]
# name 6 = flag: flag
# span 0 =     73.474,    373.308       
# span 1 =      1.000,     48.000       
# span 2 =     4.6347,     5.0691       
# span 3 =  26.881630,  30.603536       
# span 4 =    27.4737,    31.6905       
# span 5 =    21.7132,    25.0510       
# span 6 = 0.0000e+00, 0.0000e+00       
# interval = decibars: 1                
# start_time = May 07 2014 23:21:01 [System UTC, header]
# bad_flag = -9.990e-29
*END*
     73.474      1.000     5.0129  26.881630    27.4737    21.7132 0.0000e+00
     75.603      2.000     4.8915  30.118022    31.2555    24.7193 0.0000e+00
     81.095      3.000     4.9748  30.466911    31.5762    24.9646 0.0000e+00
     85.902      4.000     5.0691  30.524763    31.5526    24.9356 0.0000e+00
     88.002      5.000     5.0108  30.539085    31.6238    24.9983 0.0000e+00
     89.983      6.000     5.0554  30.552748    31.5966    24.9720 0.0000e+00
     92.067      7.000     5.0254  30.534885    31.6041    24.9812 0.0000e+00
     93.576      8.000     5.0457  30.532759    31.5819    24.9614 0.0000e+00
     95.451      9.000     5.0504  30.539743    31.5850    24.9633 0.0000e+00
     97.775     10.000     4.9849  30.547648    31.6557    25.0264 0.0000e+00
     99.745     11.000     5.0615  30.575249    31.6141    24.9851 0.0000e+00
    101.833     12.000     5.0610  30.574553    31.6133    24.9846 0.0000e+00
    104.000     13.000     5.0353  30.589244    31.6540    25.0196 0.0000e+00
    106.205     14.000     5.0131  30.592531    31.6783    25.0413 0.0000e+00
    108.172     15.000     5.0130  30.603536    31.6905    25.0510 0.0000e+00
    110.337     16.000     4.9857  30.573466    31.6816    25.0468 0.0000e+00
    112.363     17.000     4.7736  30.317577    31.5890    24.9961 0.0000e+00
    114.190     18.000     4.6789  30.165369    31.5032    24.9379 0.0000e+00
    116.227     19.000     4.6767  30.162065    31.5010    24.9364 0.0000e+00
    118.221     20.000     4.6767  30.160854    31.4991    24.9349 0.0000e+00
    120.043     21.000     4.6761  30.160425    31.4987    24.9346 0.0000e+00
    121.760     22.000     4.6752  30.160324    31.4989    24.9349 0.0000e+00
    123.779     23.000     4.6757  30.160281    31.4979    24.9340 0.0000e+00
    125.856     24.000     4.6759  30.160428    31.4974    24.9336 0.0000e+00
    127.409     25.000     4.6752  30.160918    31.4981    24.9342 0.0000e+00
    129.256     26.000     4.6688  30.164937    31.5083    24.9430 0.0000e+00
    131.359     27.000     4.6602  30.171152    31.5232    24.9557 0.0000e+00
    133.113     28.000     4.6585  30.172027    31.5253    24.9576 0.0000e+00
    134.995     29.000     4.6575  30.172936    31.5268    24.9589 0.0000e+00
    136.919     30.000     4.6580  30.171838    31.5246    24.9570 0.0000e+00
    138.663     31.000     4.6569  30.172964    31.5265    24.9586 0.0000e+00
    140.642     32.000     4.6558  30.174262    31.5285    24.9604 0.0000e+00
    142.757     33.000     4.6548  30.176455    31.5315    24.9628 0.0000e+00
    144.520     34.000     4.6536  30.179111    31.5352    24.9659 0.0000e+00
    146.606     35.000     4.6522  30.181804    31.5392    24.9692 0.0000e+00
    148.927     36.000     4.6474  30.189484    31.5521    24.9799 0.0000e+00
    150.682     37.000     4.6430  30.196254    31.5636    24.9895 0.0000e+00
    152.281     38.000     4.6394  30.201358    31.5725    24.9969 0.0000e+00
    154.238     39.000     4.6384  30.203087    31.5749    24.9990 0.0000e+00
    156.201     40.000     4.6383  30.203545    31.5751    24.9991 0.0000e+00
    157.767     41.000     4.6378  30.204687    31.5764    25.0002 0.0000e+00
    159.209     42.000     4.6375  30.205290    31.5768    25.0006 0.0000e+00
    160.747     43.000     4.6359  30.207710    31.5807    25.0038 0.0000e+00
    162.464     44.000     4.6349  30.209358    31.5830    25.0058 0.0000e+00
    164.449     45.000     4.6348  30.210203    31.5836    25.0062 0.0000e+00
    166.225     46.000     4.6347  30.210913    31.5840    25.0066 0.0000e+00
    167.702     47.000     4.6347  30.211209    31.5839    25.0064 0.0000e+00
    175.021     48.000     4.6361  30.211285    31.5821    25.0049 0.0000e+00
    183.017     47.000     4.6357  30.210961    31.5826    25.0054 0.0000e+00
    186.972     46.000     4.6353  30.210863    31.5834    25.0060 0.0000e+00
    189.989     45.000     4.6353  30.210372    31.5833    25.0060 0.0000e+00
    194.052     44.000     4.6362  30.208334    31.5806    25.0037 0.0000e+00
    197.350     43.000     4.6365  30.207339    31.5797    25.0029 0.0000e+00
    201.290     42.000     4.6369  30.206002    31.5782    25.0017 0.0000e+00
    204.918     41.000     4.6366  30.206087    31.5791    25.0025 0.0000e+00
    208.984     40.000     4.6417  30.198101    31.5655    24.9912 0.0000e+00
    213.049     39.000     4.6432  30.195838    31.5620    24.9882 0.0000e+00
    216.460     38.000     4.6427  30.195923    31.5630    24.9891 0.0000e+00
    220.264     37.000     4.6414  30.197068    31.5661    24.9917 0.0000e+00
    223.083     36.000     4.6450  30.191135    31.5563    24.9835 0.0000e+00
    226.531     35.000     4.6488  30.185187    31.5463    24.9752 0.0000e+00
    229.346     34.000     4.6507  30.182039    31.5414    24.9711 0.0000e+00
    231.508     33.000     4.6527  30.178182    31.5355    24.9662 0.0000e+00
    234.697     32.000     4.6527  30.177736    31.5355    24.9662 0.0000e+00
    237.302     31.000     4.6521  30.178357    31.5373    24.9677 0.0000e+00
    239.652     30.000     4.6568  30.170197    31.5239    24.9566 0.0000e+00
    242.550     29.000     4.6590  30.166161    31.5176    24.9514 0.0000e+00
    245.029     28.000     4.6591  30.164366    31.5159    24.9500 0.0000e+00
    247.613     27.000     4.6605  30.160750    31.5109    24.9459 0.0000e+00
    250.484     26.000     4.6633  30.158713    31.5064    24.9420 0.0000e+00
    253.361     25.000     4.6653  30.158290    31.5045    24.9403 0.0000e+00
    256.101     24.000     4.6653  30.157622    31.5042    24.9401 0.0000e+00
    259.071     23.000     4.6683  30.157108    31.5013    24.9375 0.0000e+00
    262.193     22.000     4.6654  30.155836    31.5030    24.9392 0.0000e+00
    265.466     21.000     4.6688  30.156226    31.5008    24.9370 0.0000e+00
    269.148     20.000     4.6675  30.156176    31.5024    24.9385 0.0000e+00
    272.923     19.000     4.6722  30.156504    31.4988    24.9351 0.0000e+00
    276.571     18.000     4.6753  30.156940    31.4969    24.9333 0.0000e+00
    280.969     17.000     4.6799  30.157993    31.4942    24.9307 0.0000e+00
    285.269     16.000     4.6785  30.157350    31.4953    24.9317 0.0000e+00
    289.366     15.000     4.6778  30.157775    31.4969    24.9331 0.0000e+00
    294.384     14.000     4.6879  30.160746    31.4913    24.9275 0.0000e+00
    299.815     13.000     4.6957  30.163816    31.4879    24.9240 0.0000e+00
    305.968     12.000     4.6991  30.165052    31.4866    24.9226 0.0000e+00
    312.198     11.000     4.7026  30.166250    31.4851    24.9211 0.0000e+00
    318.487     10.000     4.7037  30.166287    31.4846    24.9206 0.0000e+00
    324.393      9.000     4.7055  30.166641    31.4838    24.9198 0.0000e+00
    330.267      8.000     4.7259  30.176710    31.4765    24.9119 0.0000e+00
    334.665      7.000     4.7648  30.199756    31.4667    24.9000 0.0000e+00
    339.364      6.000     4.7941  30.219362    31.4619    24.8932 0.0000e+00
    343.936      5.000     4.8023  30.224453    31.4605    24.8912 0.0000e+00
    348.470      4.000     4.8036  30.225054    31.4605    24.8910 0.0000e+00
    353.653      3.000     4.8123  30.230714    31.4592    24.8891 0.0000e+00
    366.600      2.000     4.8193  30.235831    31.4590    24.8882 0.0000e+00
    373.308      1.000     4.8194  30.211166    31.4310    24.8660 0.0000e+00
