data/seacat/current/bon024.cnv
* Sea-Bird SBE 19plus Data File:
* FileName = C:\Sea-Bird Data\2014\DY1405\Casts\BON024.hex
* Software Version Seasave V 7.22.3
* Temperature SN = 4530
* Conductivity SN = 4530
* System UpLoad Time = May 10 2014 12:18:47
* Real-Time Sample Interval = 0.2500 seconds
* System UTC = May 10 2014 12:18:47
# nquan = 7                                 
# nvalues = 123                         
# units = specified
# name 0 = timeS: Time, Elapsed [seconds]
# name 1 = prdM: Pressure, Strain Gauge [db]
# name 2 = tv290C: Temperature [ITS-90, deg C]
# name 3 = c0mS/cm: Conductivity [mS/cm]
# name 4 = sal00: Salinity, Practical [PSU]
# name 5 = sigma-t00: Density [sigma-t, Kg/m^3 ]
# name 6 = flag: flag
# span 0 =    187.258,    575.659       
# span 1 =      1.000,     62.000       
# span 2 =     2.3163,     3.6975       
# span 3 =  27.446195,  29.890663       
# span 4 =    29.2920,    32.3194       
# span 5 =    23.2787,    25.7994       
# span 6 = 0.0000e+00, 0.0000e+00       
# interval = decibars: 1                
# start_time = May 10 2014 12:18:47 [System UTC, header]
# bad_flag = -9.990e-29
*END*
    187.258      1.000     3.6554  27.446195    29.2920    23.2787 0.0000e+00
    191.701      2.000     3.6445  29.890663    32.1928    25.5874 0.0000e+00
    195.641      3.000     3.6581  29.796320    32.0666    25.4857 0.0000e+00
    200.706      4.000     3.6273  29.809342    32.1120    25.5247 0.0000e+00
    202.122      5.000     3.6741  29.815302    32.0724    25.4888 0.0000e+00
    204.524      6.000     3.6975  29.825046    32.0604    25.4771 0.0000e+00
    206.654      7.000     3.6523  29.831462    32.1120    25.5224 0.0000e+00
    207.952      8.000     3.6493  29.832258    32.1154    25.5254 0.0000e+00
    209.694      9.000     3.6974  29.838055    32.0744    25.4883 0.0000e+00
    211.977     10.000     3.6270  29.833204    32.1375    25.5451 0.0000e+00
    213.444     11.000     3.5654  29.814114    32.1752    25.5807 0.0000e+00
    215.069     12.000     3.6180  29.835414    32.1480    25.5542 0.0000e+00
    217.097     13.000     3.6594  29.839293    32.1112    25.5211 0.0000e+00
    219.092     14.000     3.6508  29.845509    32.1266    25.5341 0.0000e+00
    221.597     15.000     3.5375  29.830265    32.2200    25.6190 0.0000e+00
    223.401     16.000     3.3961  29.766775    32.2841    25.6829 0.0000e+00
    225.059     17.000     3.2053  29.561177    32.2269    25.6542 0.0000e+00
    227.700     18.000     3.1190  29.490875    32.2278    25.6624 0.0000e+00
    229.972     19.000     3.0891  29.477323    32.2408    25.6753 0.0000e+00
    231.225     20.000     3.0654  29.459246    32.2421    25.6784 0.0000e+00
    233.313     21.000     3.0612  29.458058    32.2443    25.6806 0.0000e+00
    236.251     22.000     3.0660  29.463601    32.2457    25.6812 0.0000e+00
    237.435     23.000     3.0645  29.466646    32.2503    25.6851 0.0000e+00
    238.869     24.000     3.0333  29.444307    32.2540    25.6907 0.0000e+00
    241.225     25.000     2.9934  29.418437    32.2622    25.7006 0.0000e+00
    243.616     26.000     2.9229  29.369022    32.2724    25.7147 0.0000e+00
    245.172     27.000     2.8327  29.304716    32.2844    25.7318 0.0000e+00
    246.645     28.000     2.7603  29.253935    32.2949    25.7462 0.0000e+00
    248.371     29.000     2.6252  29.151066    32.3050    25.7652 0.0000e+00
    251.005     30.000     2.4498  29.014413    32.3143    25.7865 0.0000e+00
    253.051     31.000     2.3792  28.959648    32.3179    25.7949 0.0000e+00
    254.370     32.000     2.3542  28.940198    32.3188    25.7975 0.0000e+00
    256.318     33.000     2.3427  28.931694    32.3194    25.7989 0.0000e+00
    258.821     34.000     2.3407  28.929592    32.3183    25.7982 0.0000e+00
    260.445     35.000     2.3397  28.928977    32.3181    25.7981 0.0000e+00
    262.337     36.000     2.3372  28.927207    32.3179    25.7981 0.0000e+00
    264.328     37.000     2.3344  28.925181    32.3177    25.7982 0.0000e+00
    265.963     38.000     2.3317  28.923344    32.3176    25.7983 0.0000e+00
    268.408     39.000     2.3302  28.922341    32.3174    25.7982 0.0000e+00
    271.016     40.000     2.3290  28.921727    32.3173    25.7983 0.0000e+00
    272.469     41.000     2.3258  28.919406    32.3171    25.7984 0.0000e+00
    274.498     42.000     2.3251  28.919217    32.3171    25.7984 0.0000e+00
    277.376     43.000     2.3229  28.917897    32.3171    25.7986 0.0000e+00
    279.256     44.000     2.3217  28.917362    32.3171    25.7987 0.0000e+00
    281.008     45.000     2.3198  28.916208    32.3171    25.7988 0.0000e+00
    282.806     46.000     2.3208  28.917352    32.3170    25.7986 0.0000e+00
    285.336     47.000     2.3213  28.918098    32.3168    25.7985 0.0000e+00
    287.820     48.000     2.3203  28.917722    32.3168    25.7986 0.0000e+00
    289.465     49.000     2.3184  28.916786    32.3171    25.7989 0.0000e+00
    291.203     50.000     2.3174  28.916471    32.3172    25.7991 0.0000e+00
    293.432     51.000     2.3172  28.916678    32.3171    25.7990 0.0000e+00
    296.641     52.000     2.3172  28.917078    32.3170    25.7990 0.0000e+00
    298.400     53.000     2.3166  28.917035    32.3171    25.7990 0.0000e+00
    299.639     54.000     2.3163  28.917287    32.3171    25.7991 0.0000e+00
    302.811     55.000     2.3171  28.918380    32.3171    25.7991 0.0000e+00
    305.849     56.000     2.3185  28.919960    32.3171    25.7989 0.0000e+00
    307.122     57.000     2.3196  28.921354    32.3172    25.7989 0.0000e+00
    308.834     58.000     2.3202  28.922297    32.3172    25.7989 0.0000e+00
    312.256     59.000     2.3205  28.922971    32.3172    25.7988 0.0000e+00
    314.648     60.000     2.3195  28.922692    32.3173    25.7990 0.0000e+00
    316.259     61.000     2.3202  28.923609    32.3172    25.7989 0.0000e+00
    322.935     62.000     2.3205  28.924406    32.3173    25.7990 0.0000e+00
    328.613     61.000     2.3201  28.923591    32.3173    25.7989 0.0000e+00
    331.716     60.000     2.3191  28.922430    32.3174    25.7991 0.0000e+00
    334.546     59.000     2.3191  28.921927    32.3173    25.7990 0.0000e+00
    335.893     58.000     2.3190  28.921501    32.3174    25.7991 0.0000e+00
    337.344     57.000     2.3187  28.920845    32.3175    25.7992 0.0000e+00
    341.029     56.000     2.3183  28.920069    32.3175    25.7992 0.0000e+00
    343.676     55.000     2.3182  28.919515    32.3174    25.7992 0.0000e+00
    345.421     54.000     2.3180  28.918909    32.3174    25.7992 0.0000e+00
    348.515     53.000     2.3207  28.920682    32.3174    25.7990 0.0000e+00
    351.458     52.000     2.3202  28.919844    32.3174    25.7990 0.0000e+00
    353.181     51.000     2.3206  28.919747    32.3174    25.7990 0.0000e+00
    356.347     50.000     2.3211  28.919724    32.3174    25.7990 0.0000e+00
    359.179     49.000     2.3217  28.919727    32.3174    25.7989 0.0000e+00
    360.869     48.000     2.3223  28.919755    32.3173    25.7988 0.0000e+00
    365.210     47.000     2.3218  28.919065    32.3175    25.7990 0.0000e+00
    367.559     46.000     2.3212  28.918220    32.3176    25.7991 0.0000e+00
    369.660     45.000     2.3206  28.917215    32.3175    25.7991 0.0000e+00
    374.386     44.000     2.3191  28.915690    32.3177    25.7994 0.0000e+00
    376.414     43.000     2.3202  28.915893    32.3174    25.7990 0.0000e+00
    379.270     42.000     2.3230  28.917812    32.3175    25.7989 0.0000e+00
    383.405     41.000     2.3219  28.916641    32.3177    25.7991 0.0000e+00
    386.034     40.000     2.3196  28.914277    32.3176    25.7993 0.0000e+00
    389.689     39.000     2.3196  28.913823    32.3176    25.7993 0.0000e+00
    392.690     38.000     2.3249  28.917641    32.3175    25.7987 0.0000e+00
    396.926     37.000     2.3314  28.922197    32.3170    25.7979 0.0000e+00
    399.269     36.000     2.3315  28.921946    32.3172    25.7980 0.0000e+00
    403.838     35.000     2.3290  28.919609    32.3174    25.7983 0.0000e+00
    407.202     34.000     2.3306  28.920419    32.3173    25.7981 0.0000e+00
    411.284     33.000     2.3366  28.924687    32.3170    25.7975 0.0000e+00
    415.472     32.000     2.3433  28.929398    32.3165    25.7966 0.0000e+00
    419.502     31.000     2.3544  28.937433    32.3157    25.7951 0.0000e+00
    423.880     30.000     2.3726  28.950689    32.3141    25.7924 0.0000e+00
    427.836     29.000     2.4569  29.013856    32.3070    25.7801 0.0000e+00
    432.746     28.000     2.6776  29.183192    32.2919    25.7505 0.0000e+00
    438.035     27.000     2.7957  29.276027    32.2867    25.7367 0.0000e+00
    443.683     26.000     2.8389  29.307183    32.2817    25.7291 0.0000e+00
    448.674     25.000     2.9044  29.352791    32.2718    25.7158 0.0000e+00
    455.403     24.000     2.9896  29.414570    32.2618    25.7006 0.0000e+00
    460.594     23.000     3.0458  29.455804    32.2560    25.6912 0.0000e+00
    466.252     22.000     3.0495  29.450146    32.2459    25.6829 0.0000e+00
    473.487     21.000     3.0975  29.487348    32.2434    25.6767 0.0000e+00
    479.476     20.000     3.1085  29.494865    32.2420    25.6746 0.0000e+00
    486.398     19.000     3.1254  29.503533    32.2361    25.6685 0.0000e+00
    490.832     18.000     3.1461  29.506370    32.2194    25.6534 0.0000e+00
    495.486     17.000     3.1569  29.495497    32.1960    25.6338 0.0000e+00
    499.746     16.000     3.1727  29.479646    32.1617    25.6050 0.0000e+00
    506.165     15.000     3.1775  29.472863    32.1493    25.5947 0.0000e+00
    510.578     14.000     3.2383  29.519069    32.1449    25.5859 0.0000e+00
    515.425     13.000     3.3285  29.588825    32.1396    25.5737 0.0000e+00
    518.903     12.000     3.3971  29.641282    32.1349    25.5639 0.0000e+00
    524.241     11.000     3.4435  29.679844    32.1356    25.5603 0.0000e+00
    528.914     10.000     3.4732  29.703182    32.1346    25.5568 0.0000e+00
    534.081      9.000     3.5428  29.757027    32.1305    25.5472 0.0000e+00
    537.697      8.000     3.5769  29.783813    32.1293    25.5431 0.0000e+00
    542.190      7.000     3.5734  29.780961    32.1298    25.5439 0.0000e+00
    545.919      6.000     3.5813  29.786816    32.1295    25.5429 0.0000e+00
    549.604      5.000     3.6017  29.802334    32.1284    25.5401 0.0000e+00
    553.335      4.000     3.6073  29.806364    32.1282    25.5394 0.0000e+00
    558.114      3.000     3.6080  29.806953    32.1287    25.5398 0.0000e+00
    571.309      2.000     3.6032  29.803307    32.1296    25.5409 0.0000e+00
    575.659      1.000     3.6042  29.785420    32.1078    25.5235 0.0000e+00
