data/seacat/current/bon047.cnv
* Sea-Bird SBE 19plus Data File:
* FileName = C:\Sea-Bird Data\2014\DY1405\Casts\BON047.hex
* Software Version Seasave V 7.22.3
* Temperature SN = 4530
* Conductivity SN = 4530
* System UpLoad Time = May 16 2014 08:13:56
* Real-Time Sample Interval = 0.2500 seconds
* System UTC = May 16 2014 08:13:56
# nquan = 7                                 
# nvalues = 609                         
# units = specified
# name 0 = timeS: Time, Elapsed [seconds]
# name 1 = prdM: Pressure, Strain Gauge [db]
# name 2 = tv290C: Temperature [ITS-90, deg C]
# name 3 = c0mS/cm: Conductivity [mS/cm]
# name 4 = sal00: Salinity, Practical [PSU]
# name 5 = sigma-t00: Density [sigma-t, Kg/m^3 ]
# name 6 = flag: flag
# span 0 =    562.720,   2360.662       
# span 1 =      1.000,    305.000       
# span 2 =     3.5690,     6.6865       
# span 3 =  27.899866,  32.869729       
# span 4 =    27.5407,    33.6907       
# span 5 =    21.6299,    26.7564       
# span 6 = 0.0000e+00, 0.0000e+00       
# interval = decibars: 1                
# start_time = May 16 2014 08:13:56 [System UTC, header]
# bad_flag = -9.990e-29
*END*
[from data line 411]
   1534.811    198.000     3.8589  31.212217    33.4452    26.5635 0.0000e+00
   1538.970    197.000     3.8583  31.210136    33.4439    26.5625 0.0000e+00
   1542.464    196.000     3.8571  31.206679    33.4415    26.5608 0.0000e+00
   1545.931    195.000     3.8561  31.203826    33.4397    26.5594 0.0000e+00
   1549.467    194.000     3.8529  31.196117    33.4343    26.5554 0.0000e+00
   1552.759    193.000     3.8491  31.187301    33.4283    26.5510 0.0000e+00
   1556.636    192.000     3.8457  31.180136    33.4238    26.5478 0.0000e+00
   1560.719    191.000     3.8426  31.173680    33.4198    26.5449 0.0000e+00
   1565.172    190.000     3.8411  31.170479    33.4181    26.5437 0.0000e+00
   1568.946    189.000     3.8404  31.168787    33.4173    26.5431 0.0000e+00
   1572.376    188.000     3.8386  31.164235    33.4143    26.5409 0.0000e+00
   1576.237    187.000     3.8367  31.160315    33.4121    26.5393 0.0000e+00
   1579.473    186.000     3.8348  31.156197    33.4096    26.5376 0.0000e+00
   1582.810    185.000     3.8314  31.148799    33.4049    26.5341 0.0000e+00
   1585.874    184.000     3.8296  31.144843    33.4025    26.5324 0.0000e+00
   1588.592    183.000     3.8283  31.141790    33.4007    26.5311 0.0000e+00
   1591.634    182.000     3.8268  31.138324    33.3987    26.5297 0.0000e+00
   1594.678    181.000     3.8251  31.134401    33.3963    26.5279 0.0000e+00
   1597.932    180.000     3.8232  31.129790    33.3933    26.5257 0.0000e+00
   1601.717    179.000     3.8214  31.125835    33.3909    26.5240 0.0000e+00
   1605.313    178.000     3.8201  31.122739    33.3891    26.5227 0.0000e+00
   1608.736    177.000     3.8192  31.120730    33.3882    26.5220 0.0000e+00
   1611.708    176.000     3.8182  31.118370    33.3869    26.5211 0.0000e+00
   1614.961    175.000     3.8161  31.113516    33.3838    26.5189 0.0000e+00
   1617.790    174.000     3.8138  31.107519    33.3796    26.5157 0.0000e+00
   1621.050    173.000     3.8110  31.100705    33.3749    26.5123 0.0000e+00
   1623.794    172.000     3.8068  31.091917    33.3692    26.5082 0.0000e+00
   1627.054    171.000     3.8042  31.086376    33.3658    26.5057 0.0000e+00
   1630.486    170.000     3.7995  31.077639    33.3608    26.5022 0.0000e+00
   1633.965    169.000     3.7917  31.062960    33.3518    26.4958 0.0000e+00
   1638.256    168.000     3.7868  31.053623    33.3462    26.4918 0.0000e+00
   1641.922    167.000     3.7846  31.048946    33.3435    26.4898 0.0000e+00
   1645.324    166.000     3.7829  31.043605    33.3394    26.4868 0.0000e+00
   1649.133    165.000     3.7788  31.034152    33.3328    26.4820 0.0000e+00
   1652.345    164.000     3.7698  31.019530    33.3252    26.4767 0.0000e+00
   1655.619    163.000     3.7569  30.999578    33.3151    26.4700 0.0000e+00
   1659.437    162.000     3.7516  30.991801    33.3118    26.4679 0.0000e+00
   1663.052    161.000     3.7447  30.981614    33.3072    26.4649 0.0000e+00
   1666.482    160.000     3.7308  30.963304    33.3001    26.4606 0.0000e+00
   1670.432    159.000     3.7293  30.959000    33.2971    26.4583 0.0000e+00
   1674.427    158.000     3.7268  30.952286    33.2922    26.4546 0.0000e+00
   1678.583    157.000     3.7245  30.945306    33.2867    26.4505 0.0000e+00
   1683.135    156.000     3.7258  30.942635    33.2827    26.4472 0.0000e+00
   1686.857    155.000     3.7353  30.946420    33.2781    26.4426 0.0000e+00
   1691.032    154.000     3.7281  30.934217    33.2714    26.4380 0.0000e+00
   1694.876    153.000     3.7189  30.921095    33.2657    26.4343 0.0000e+00
   1698.372    152.000     3.7114  30.909166    33.2597    26.4303 0.0000e+00
   1701.982    151.000     3.7053  30.899025    33.2543    26.4266 0.0000e+00
   1705.742    150.000     3.6934  30.882900    33.2478    26.4225 0.0000e+00
   1709.199    149.000     3.6771  30.861262    33.2391    26.4172 0.0000e+00
   1714.094    148.000     3.6630  30.841282    33.2302    26.4115 0.0000e+00
   1718.934    147.000     3.6606  30.836378    33.2273    26.4094 0.0000e+00
   1723.301    146.000     3.6563  30.829766    33.2244    26.4075 0.0000e+00
   1727.122    145.000     3.6438  30.812016    33.2165    26.4024 0.0000e+00
   1730.936    144.000     3.6391  30.805118    33.2135    26.4005 0.0000e+00
   1734.566    143.000     3.6274  30.789958    33.2079    26.3971 0.0000e+00
   1738.888    142.000     3.6194  30.779027    33.2035    26.3944 0.0000e+00
   1743.684    141.000     3.6159  30.773688    33.2013    26.3929 0.0000e+00
   1748.286    140.000     3.6174  30.773472    33.2000    26.3918 0.0000e+00
   1752.620    139.000     3.6154  30.768493    33.1966    26.3893 0.0000e+00
   1757.021    138.000     3.6138  30.762907    33.1921    26.3858 0.0000e+00
   1761.435    137.000     3.6117  30.756627    33.1873    26.3822 0.0000e+00
   1765.511    136.000     3.6240  30.764352    33.1845    26.3788 0.0000e+00
   1769.668    135.000     3.6300  30.765407    33.1802    26.3748 0.0000e+00
   1773.590    134.000     3.6137  30.746720    33.1750    26.3722 0.0000e+00
   1777.860    133.000     3.6013  30.729724    33.1679    26.3677 0.0000e+00
   1781.991    132.000     3.5860  30.711975    33.1628    26.3651 0.0000e+00
   1785.986    131.000     3.5867  30.708885    33.1589    26.3620 0.0000e+00
   1790.494    130.000     3.5920  30.709229    33.1544    26.3579 0.0000e+00
   1795.103    129.000     3.5910  30.705104    33.1510    26.3553 0.0000e+00
   1800.320    128.000     3.5799  30.692307    33.1476    26.3536 0.0000e+00
   1805.755    127.000     3.5718  30.682202    33.1443    26.3518 0.0000e+00
   1810.284    126.000     3.5709  30.678119    33.1409    26.3491 0.0000e+00
   1814.841    125.000     3.5729  30.676518    33.1374    26.3462 0.0000e+00
   1819.492    124.000     3.5690  30.668731    33.1326    26.3427 0.0000e+00
   1823.838    123.000     3.5729  30.671012    33.1319    26.3418 0.0000e+00
   1828.673    122.000     3.5749  30.672386    33.1320    26.3417 0.0000e+00
   1833.358    121.000     3.5829  30.679062    33.1324    26.3412 0.0000e+00
   1838.182    120.000     3.5898  30.679882    33.1269    26.3362 0.0000e+00
   1843.060    119.000     3.5938  30.678673    33.1219    26.3319 0.0000e+00
   1847.664    118.000     3.5986  30.680855    33.1202    26.3300 0.0000e+00
   1852.825    117.000     3.6000  30.681384    33.1199    26.3297 0.0000e+00
   1857.994    116.000     3.6043  30.683834    33.1190    26.3285 0.0000e+00
   1862.969    115.000     3.6110  30.686791    33.1162    26.3257 0.0000e+00
   1868.028    114.000     3.6144  30.687831    33.1145    26.3240 0.0000e+00
   1872.759    113.000     3.6178  30.688937    33.1129    26.3224 0.0000e+00
   1877.612    112.000     3.6236  30.690883    33.1099    26.3194 0.0000e+00
   1882.340    111.000     3.6307  30.692282    33.1049    26.3148 0.0000e+00
   1887.269    110.000     3.6348  30.692507    33.1015    26.3117 0.0000e+00
   1892.243    109.000     3.6380  30.692620    33.0989    26.3093 0.0000e+00
   1897.699    108.000     3.6410  30.691962    33.0956    26.3064 0.0000e+00
   1902.734    107.000     3.6475  30.691879    33.0894    26.3009 0.0000e+00
   1908.042    106.000     3.6489  30.691465    33.0880    26.2996 0.0000e+00
   1912.315    105.000     3.6525  30.692244    33.0858    26.2975 0.0000e+00
   1916.502    104.000     3.6548  30.692445    33.0843    26.2961 0.0000e+00
   1920.709    103.000     3.6553  30.691853    33.0836    26.2955 0.0000e+00
   1925.212    102.000     3.6557  30.691394    33.0831    26.2951 0.0000e+00
   1929.734    101.000     3.6570  30.691308    33.0822    26.2943 0.0000e+00
   1934.474    100.000     3.6603  30.691750    33.0800    26.2921 0.0000e+00
   1939.041     99.000     3.6737  30.695155    33.0709    26.2837 0.0000e+00
   1944.192     98.000     3.6819  30.697242    33.0656    26.2786 0.0000e+00
   1948.965     97.000     3.6870  30.698566    33.0626    26.2757 0.0000e+00
   1953.638     96.000     3.6965  30.701439    33.0569    26.2703 0.0000e+00
   1957.298     95.000     3.7029  30.703197    33.0530    26.2666 0.0000e+00
   1960.833     94.000     3.7075  30.704009    33.0498    26.2636 0.0000e+00
   1964.459     93.000     3.7113  30.705158    33.0479    26.2617 0.0000e+00
   1968.056     92.000     3.7199  30.705637    33.0403    26.2548 0.0000e+00
   1972.302     91.000     3.7271  30.702664    33.0300    26.2459 0.0000e+00
   1977.473     90.000     3.7293  30.700619    33.0258    26.2424 0.0000e+00
   1981.839     89.000     3.7295  30.699946    33.0253    26.2420 0.0000e+00
   1985.711     88.000     3.7304  30.699246    33.0241    26.2410 0.0000e+00
   1989.063     87.000     3.7333  30.698121    33.0204    26.2377 0.0000e+00
   1992.500     86.000     3.7374  30.696187    33.0145    26.2326 0.0000e+00
   1996.004     85.000     3.7405  30.694679    33.0100    26.2288 0.0000e+00
   1999.656     84.000     3.7432  30.693531    33.0065    26.2257 0.0000e+00
   2003.143     83.000     3.7441  30.693123    33.0056    26.2249 0.0000e+00
   2007.431     82.000     3.7461  30.692643    33.0035    26.2231 0.0000e+00
   2011.465     81.000     3.7505  30.692059    32.9989    26.2190 0.0000e+00
   2015.354     80.000     3.7561  30.691427    32.9930    26.2137 0.0000e+00
   2018.767     79.000     3.7662  30.691536    32.9835    26.2051 0.0000e+00
   2021.844     78.000     3.7748  30.692642    32.9766    26.1989 0.0000e+00
   2025.311     77.000     3.7893  30.695309    32.9657    26.1887 0.0000e+00
   2028.854     76.000     3.8045  30.698825    32.9550    26.1788 0.0000e+00
   2032.184     75.000     3.8124  30.701008    32.9502    26.1742 0.0000e+00
   2036.289     74.000     3.8179  30.702990    32.9475    26.1715 0.0000e+00
   2040.448     73.000     3.8234  30.704921    32.9448    26.1688 0.0000e+00
   2044.640     72.000     3.8307  30.707056    32.9405    26.1647 0.0000e+00
   2048.686     71.000     3.8331  30.707472    32.9391    26.1633 0.0000e+00
   2052.173     70.000     3.8356  30.707720    32.9374    26.1617 0.0000e+00
   2055.435     69.000     3.8410  30.709119    32.9341    26.1586 0.0000e+00
   2058.704     68.000     3.8556  30.714547    32.9263    26.1510 0.0000e+00
   2062.082     67.000     3.8754  30.722682    32.9166    26.1413 0.0000e+00
   2066.374     66.000     3.8895  30.728962    32.9103    26.1350 0.0000e+00
   2070.965     65.000     3.9046  30.737351    32.9056    26.1297 0.0000e+00
   2074.848     64.000     3.9099  30.740470    32.9045    26.1283 0.0000e+00
   2078.699     63.000     3.9153  30.743821    32.9035    26.1270 0.0000e+00
   2082.369     62.000     3.9329  30.754400    32.8989    26.1216 0.0000e+00
   2085.981     61.000     3.9918  30.788798    32.8809    26.1015 0.0000e+00
   2089.605     60.000     4.0269  30.808634    32.8696    26.0890 0.0000e+00
   2093.386     59.000     4.0618  30.828894    32.8591    26.0772 0.0000e+00
   2097.248     58.000     4.0826  30.840791    32.8528    26.0701 0.0000e+00
   2101.208     57.000     4.1250  30.865512    32.8400    26.0556 0.0000e+00
   2105.730     56.000     4.2016  30.911335    32.8178    26.0303 0.0000e+00
   2110.639     55.000     4.2143  30.919030    32.8147    26.0265 0.0000e+00
   2115.134     54.000     4.2303  30.928693    32.8106    26.0216 0.0000e+00
   2119.352     53.000     4.3229  30.985757    32.7857    25.9924 0.0000e+00
   2123.605     52.000     4.4006  31.033808    32.7651    25.9680 0.0000e+00
   2127.457     51.000     4.4142  31.042070    32.7618    25.9640 0.0000e+00
   2131.527     50.000     4.4274  31.049971    32.7584    25.9599 0.0000e+00
   2135.640     49.000     4.4679  31.075544    32.7485    25.9479 0.0000e+00
   2140.112     48.000     4.5450  31.125963    32.7314    25.9262 0.0000e+00
   2144.533     47.000     4.5748  31.147430    32.7274    25.9198 0.0000e+00
   2148.728     46.000     4.6135  31.175919    32.7227    25.9120 0.0000e+00
   2153.289     45.000     4.6384  31.194042    32.7196    25.9069 0.0000e+00
   2157.954     44.000     4.6454  31.198555    32.7185    25.9053 0.0000e+00
   2162.459     43.000     4.6518  31.203273    32.7181    25.9043 0.0000e+00
   2167.567     42.000     4.6625  31.211445    32.7175    25.9027 0.0000e+00
   2172.523     41.000     4.6787  31.225006    32.7178    25.9012 0.0000e+00
   2177.531     40.000     4.6885  31.232125    32.7169    25.8994 0.0000e+00
   2182.172     39.000     4.7004  31.239370    32.7140    25.8959 0.0000e+00
   2186.860     38.000     4.7023  31.236857    32.7097    25.8923 0.0000e+00
   2191.239     37.000     4.7045  31.235390    32.7064    25.8894 0.0000e+00
   2195.546     36.000     4.7156  31.243469    32.7053    25.8873 0.0000e+00
   2200.071     35.000     4.7277  31.252700    32.7046    25.8854 0.0000e+00
   2204.427     34.000     4.7337  31.256899    32.7040    25.8844 0.0000e+00
   2209.008     33.000     4.7430  31.263531    32.7030    25.8826 0.0000e+00
   2213.768     32.000     4.7550  31.271554    32.7010    25.8797 0.0000e+00
   2218.299     31.000     4.7575  31.271614    32.6991    25.8779 0.0000e+00
   2222.928     30.000     4.7611  31.273639    32.6984    25.8770 0.0000e+00
   2227.156     29.000     4.7649  31.275735    32.6976    25.8759 0.0000e+00
   2231.921     28.000     4.7697  31.278032    32.6960    25.8741 0.0000e+00
   2236.196     27.000     4.7803  31.283719    32.6927    25.8703 0.0000e+00
   2240.680     26.000     4.7893  31.289336    32.6908    25.8679 0.0000e+00
   2245.200     25.000     4.7949  31.293253    32.6903    25.8669 0.0000e+00
   2249.685     24.000     4.7993  31.296419    32.6902    25.8663 0.0000e+00
   2254.158     23.000     4.8028  31.298661    32.6898    25.8656 0.0000e+00
   2258.415     22.000     4.8196  31.312150    32.6894    25.8634 0.0000e+00
   2262.707     21.000     4.8868  31.369208    32.6896    25.8563 0.0000e+00
   2266.754     20.000     5.0771  31.531701    32.6902    25.8357 0.0000e+00
   2271.072     19.000     5.1378  31.580609    32.6873    25.8267 0.0000e+00
   2275.198     18.000     5.1890  31.624200    32.6876    25.8211 0.0000e+00
   2279.422     17.000     5.2498  31.674220    32.6858    25.8128 0.0000e+00
   2283.593     16.000     5.2758  31.694369    32.6839    25.8084 0.0000e+00
   2287.758     15.000     5.3803  31.780758    32.6809    25.7940 0.0000e+00
   2291.951     14.000     5.4868  31.867141    32.6758    25.7777 0.0000e+00
   2295.938     13.000     5.5890  31.951431    32.6725    25.7631 0.0000e+00
   2300.021     12.000     5.7387  32.082097    32.6754    25.7476 0.0000e+00
   2303.793     11.000     5.8860  32.201176    32.6673    25.7236 0.0000e+00
   2307.731     10.000     6.1304  32.398301    32.6529    25.6822 0.0000e+00
   2311.582      9.000     6.4823  32.695508    32.6461    25.6326 0.0000e+00
   2315.320      8.000     6.6612  32.846471    32.6423    25.6066 0.0000e+00
   2319.219      7.000     6.6735  32.857549    32.6433    25.6057 0.0000e+00
   2323.373      6.000     6.6811  32.864674    32.6444    25.6056 0.0000e+00
   2327.585      5.000     6.6844  32.867484    32.6448    25.6055 0.0000e+00
   2331.826      4.000     6.6865  32.869729    32.6457    25.6060 0.0000e+00
   2336.285      3.000     6.6841  32.867640    32.6462    25.6066 0.0000e+00
   2351.017      2.000     6.6845  32.867889    32.6466    25.6069 0.0000e+00
   2360.662      1.000     6.6788  31.693037    31.3622    24.5957 0.0000e+00
